1734748366.008989,0
1734748366.120296,9
1734748366.229932,16
1734748366.339084,23
1734748366.450398,32
1734748366.559940,40
1734748366.671181,45
1734748366.781452,54
1734748366.887481,59
1734748366.994637,69
1734748367.102221,77
1734748367.209595,85
1734748367.317181,91
1734748367.425560,100
1734748367.535716,100
1734748367.644498,100
1734748367.753375,100
1734748367.860937,99
1734748367.969029,100
1734748368.076256,100
1734748368.190593,100
1734748368.296897,100
1734748368.403200,100
1734748368.508713,100
1734748368.615308,100
1734748368.723250,100
1734748368.837553,100
1734748368.948140,99
1734748369.061254,100
1734748369.174543,100
1734748369.282483,100
1734748369.392611,99
1734748369.499857,100
1734748369.610428,100
1734748369.732478,100
1734748369.847102,100
1734748369.958598,100
1734748370.064515,100
1734748370.171540,100
1734748370.278177,100
1734748370.387041,100
1734748370.495319,99
1734748370.605733,98
1734748370.716526,99
1734748370.831322,99
1734748370.946944,99
1734748371.054119,100
1734748371.162240,100
1734748371.269346,100
1734748371.382489,100
1734748371.497489,100
1734748371.603836,100
1734748371.711800,100
1734748371.820299,100
1734748371.925997,99
1734748372.034294,100
1734748372.144187,100
1734748372.251475,100
1734748372.380676,100
1734748372.498449,100
1734748372.618342,94
1734748372.727530,86
1734748372.837846,80
1734748372.948701,76
1734748373.056324,77
1734748373.163174,79
1734748373.270501,75
1734748373.377450,76
1734748373.484231,79
1734748373.598285,80
1734748373.705296,79
1734748373.813186,78
1734748373.920865,76
1734748374.028072,78
1734748374.135373,78
1734748374.243546,79
1734748374.349173,79
1734748374.454876,79
1734748374.563648,79
1734748374.670316,79
1734748374.774874,79
1734748374.881391,79
1734748374.989724,79
1734748375.098821,79
1734748375.206663,79
1734748375.315787,79
1734748375.426152,79
1734748375.533817,80
1734748375.650998,80
1734748375.758895,81
1734748375.864760,81
1734748375.970654,81
1734748376.076104,81
1734748376.181948,81
1734748376.288327,80
1734748376.395174,80
1734748376.500566,80
1734748376.609048,80
1734748376.716676,80
1734748376.824333,80
1734748376.934263,80
1734748377.042162,79
1734748377.148418,79
1734748377.253506,79
1734748377.360559,79
1734748377.467063,79
1734748377.572774,79
1734748377.678691,80
1734748377.784840,80
1734748377.891612,80
1734748377.998557,80
1734748378.104894,80
1734748378.213107,80
1734748378.318480,81
1734748378.425216,81
1734748378.530992,81
1734748378.636804,82
1734748378.743821,81
1734748378.850398,81
1734748378.956831,81
1734748379.062800,80
1734748379.168832,80
1734748379.275142,80
1734748379.380535,79
1734748379.486670,79
1734748379.595556,80
1734748379.702450,80
1734748379.809360,80
1734748379.917084,80
1734748380.025674,80
1734748380.133441,80
1734748380.250547,80
1734748380.374501,79
1734748380.484798,79
1734748380.590092,79
1734748380.695998,79
1734748380.804346,80
1734748380.910579,80
1734748381.017807,80
1734748381.128732,80
1734748381.238039,80
1734748381.348994,80
1734748381.458222,80
1734748381.566066,80
1734748381.672698,80
1734748381.778777,81
1734748381.885877,81
1734748382.005035,80
1734748382.113146,81
1734748382.219822,82
1734748382.326268,82
1734748382.431520,82
1734748382.536794,82
1734748382.646816,82
1734748382.753957,82
1734748382.878589,81
1734748382.987188,82
1734748383.095102,82
1734748383.204421,82
1734748383.310057,82
1734748383.417061,82
1734748383.522807,82
1734748383.627715,82
1734748383.733135,81
1734748383.837947,82
1734748383.947365,82
1734748384.055768,81
1734748384.174225,82
1734748384.284757,82
1734748384.390256,82
1734748384.502394,82
1734748384.610514,81
1734748384.716369,81
1734748384.824443,81
1734748384.933295,82
1734748385.039139,82
1734748385.151695,82
1734748385.263934,82
1734748385.372346,82
1734748385.484078,82
1734748385.591360,82
1734748385.704643,82
1734748385.816998,83
1734748385.922266,83
1734748386.030075,83
1734748386.135772,82
1734748386.241803,82
1734748386.347788,82
1734748386.458171,81
1734748386.568105,82
1734748386.673904,82
1734748386.783639,82
1734748386.890796,82
1734748386.999743,81
1734748387.120038,82
1734748387.234137,83
1734748387.340077,83
1734748387.451159,83
1734748387.556695,83
1734748387.662023,83
1734748387.769127,83
1734748387.874951,83
1734748387.981087,82
1734748388.090466,82
1734748388.197845,82
1734748388.302637,82
1734748388.408732,82
1734748388.524899,81
1734748388.658696,82
1734748388.775309,82
1734748388.884563,82
1734748388.992332,82
1734748389.100169,82
1734748389.241074,81
1734748389.348788,81
1734748389.455746,81
1734748389.561357,82
1734748389.670304,83
1734748389.776885,83
1734748389.883026,83
1734748389.989183,83
1734748390.097423,84
1734748390.206856,84
1734748390.314228,84
1734748390.422337,84
1734748390.531730,84
1734748390.639739,83
1734748390.746640,83
1734748390.851320,83
1734748390.956289,83
1734748391.070392,84
1734748391.181780,85
1734748391.291819,85
1734748391.402362,85
1734748391.512234,84
1734748391.620568,85
1734748391.728856,85
1734748391.840154,85
1734748391.948753,85
1734748392.054615,83
1734748392.185043,81
1734748392.319045,81
1734748392.433217,82
1734748392.543219,81
1734748392.660100,81
1734748392.774047,81
1734748392.882700,82
1734748392.992884,82
1734748393.110346,81
1734748393.231914,83
1734748393.350576,82
1734748393.463454,82
1734748393.576673,82
1734748393.685125,82
1734748393.794536,82
1734748393.907997,82
1734748394.015120,82
1734748394.122089,81
1734748394.232425,81
1734748394.341162,80
1734748394.447042,80
1734748394.554782,81
1734748394.660954,81
1734748394.771194,82
1734748394.876669,82
1734748394.991018,82
1734748395.096959,82
1734748395.204138,82
1734748395.311777,82
1734748395.420026,82
1734748395.526063,82
1734748395.632937,82
1734748395.738630,82
1734748395.844132,82
1734748395.952222,82
1734748396.059124,82
1734748396.168980,82
1734748396.276934,82
1734748396.384384,82
1734748396.493162,83
1734748396.604014,83
1734748396.711029,83
1734748396.820803,83
1734748396.940200,83
1734748397.050094,83
1734748397.162138,83
1734748397.284325,82
1734748397.390522,83
1734748397.500341,83
1734748397.609933,84
1734748397.717552,84
1734748397.823987,84
1734748397.929982,84
1734748398.040505,84
1734748398.157507,85
1734748398.266648,85
1734748398.377067,86
1734748398.492598,84
1734748398.598936,85
1734748398.703932,85
1734748398.815396,85
1734748398.925239,85
1734748399.034667,85
1734748399.142250,85
1734748399.248841,85
1734748399.357021,85
1734748399.462309,85
1734748399.567802,86
1734748399.696955,86
1734748399.803089,86
1734748399.908005,86
1734748400.017143,85
1734748400.130051,86
1734748400.239903,86
1734748400.346564,86
1734748400.453128,86
1734748400.562411,85
1734748400.673122,85
1734748400.779829,85
1734748400.890662,86
1734748400.996643,86
1734748401.103411,86
1734748401.210798,86
1734748401.317599,85
1734748401.428104,86
1734748401.537338,85
1734748401.646945,86
1734748401.755568,86
1734748401.862773,85
1734748401.970100,85
1734748402.078217,85
1734748402.193976,85
1734748402.315248,86
1734748402.428591,86
1734748402.541485,86
1734748402.650850,86
1734748402.759380,86
1734748402.869283,86
1734748402.976153,85
1734748403.085252,85
1734748403.191773,85
1734748403.297265,84
1734748403.404051,84
1734748403.510343,85
1734748403.615798,85
1734748403.724604,85
1734748403.830708,85
1734748403.946274,86
1734748404.054996,86
1734748404.163929,87
1734748404.277431,87
1734748404.384434,87
1734748404.496160,87
1734748404.608064,87
1734748404.715373,87
1734748404.826505,87
1734748404.939521,86
1734748405.053056,86
1734748405.167519,87
1734748405.279649,87
1734748405.389170,87
1734748405.498725,86
1734748405.622832,88
1734748405.729520,88
1734748405.840357,88
1734748405.947388,88
1734748406.061676,89
1734748406.180454,87
1734748406.296061,89
1734748406.402084,89
1734748406.507160,89
1734748406.632922,89
1734748406.743618,90
1734748406.849785,90
1734748406.957446,90
1734748407.062900,90
1734748407.168300,90
1734748407.275488,90
1734748407.382453,90
1734748407.488124,90
1734748407.593128,90
1734748407.707911,89
1734748407.812755,90
1734748407.921518,90
1734748408.029244,90
1734748408.138066,90
1734748408.245399,90
1734748408.350799,90
1734748408.480186,91
1734748408.586393,91
1734748408.695548,90
1734748408.802278,90
1734748408.908223,90
1734748409.015198,90
1734748409.120102,90
1734748409.228541,90
1734748409.334027,90
1734748409.442475,90
1734748409.549203,90
1734748409.660062,90
1734748409.776729,90
1734748409.883725,89
1734748409.994720,89
1734748410.132714,89
1734748410.243362,90
1734748410.350763,90
1734748410.464938,90
1734748410.577241,90
1734748410.683635,90
1734748410.798347,90
1734748410.907386,90
1734748411.014001,91
1734748411.124148,90
1734748411.247575,88
1734748411.359788,89
1734748411.482074,87
1734748411.592038,82
1734748411.698431,80
1734748411.807065,79
1734748411.935942,78
1734748412.049181,77
1734748412.159366,77
1734748412.279551,77
1734748412.385154,77
1734748412.495945,76
1734748412.610765,76
1734748412.734738,78
1734748412.851868,78
1734748412.961443,78
1734748413.078578,77
1734748413.191310,77
1734748413.299616,77
1734748413.410777,77
1734748413.516438,77
1734748413.623398,76
1734748413.730489,77
1734748413.842937,78
1734748413.950964,78
1734748414.066747,78
1734748414.176196,79
1734748414.284498,79
1734748414.397714,80
1734748414.505669,80
1734748414.617619,80
1734748414.729731,80
1734748414.837661,80
1734748414.967281,79
1734748415.085319,80
1734748415.200606,81
1734748415.315561,80
1734748415.430390,81
1734748415.536217,81
1734748415.652325,81
1734748415.776351,80
1734748415.903328,79
1734748416.020312,81
1734748416.148112,80
1734748416.255200,81
1734748416.366445,81
1734748416.484848,81
1734748416.597589,80
1734748416.715652,81
1734748416.834728,82
1734748416.950711,82
1734748417.066885,81
1734748417.182094,82
1734748417.300193,80
1734748417.412076,80
1734748417.525203,81
1734748417.634866,82
1734748417.760608,82
1734748417.870016,82
1734748417.998078,81
1734748418.106228,82
1734748418.223420,82
1734748418.336899,80
1734748418.447976,80
1734748418.559836,81
1734748418.672785,81
1734748418.785641,82
1734748418.900408,82
1734748419.014059,82
1734748419.122792,82
1734748419.235152,82
1734748419.360729,81
1734748419.467962,81
1734748419.577077,81
1734748419.686818,81
1734748419.800519,81
1734748419.925382,81
1734748420.056566,82
1734748420.189591,81
1734748420.306560,81
1734748420.425080,82
1734748420.554540,81
1734748420.669476,80
1734748420.791665,81
1734748420.912740,81
1734748421.031006,82
1734748421.157431,82
1734748421.275095,82
1734748421.392667,82
1734748421.517914,81
1734748421.635678,81
1734748421.748420,81
1734748421.860977,82
1734748421.972210,82
1734748422.087261,82
1734748422.199496,82
1734748422.310768,82
1734748422.427432,83
1734748422.541368,83
1734748422.656398,84
1734748422.769631,84
1734748422.880720,84
1734748422.988708,84
1734748423.102502,84
1734748423.211192,84
1734748423.318331,84
1734748423.426935,85
1734748423.536649,85
1734748423.646799,86
1734748423.775676,84
1734748423.886318,84
1734748423.995416,83
1734748424.107987,85
1734748424.217851,85
1734748424.324695,84
1734748424.434609,86
1734748424.542090,85
1734748424.652498,86
1734748424.768841,86
1734748424.877109,86
1734748424.987201,86
1734748425.094832,86
1734748425.226545,86
1734748425.335768,86
1734748425.441980,86
1734748425.549045,87
1734748425.658235,88
1734748425.765155,86
1734748425.870387,87
1734748425.978477,86
1734748426.086766,86
1734748426.195570,85
1734748426.303753,85
1734748426.409994,85
1734748426.520611,85
1734748426.627259,85
1734748426.734566,85
1734748426.842641,85
1734748426.947671,86
1734748427.056056,84
1734748427.161647,84
1734748427.268425,84
1734748427.374834,85
1734748427.480943,85
1734748427.590106,85
1734748427.704272,86
1734748427.812907,85
1734748427.926153,86
1734748428.038032,85
1734748428.149447,85
1734748428.269765,85
1734748428.376820,85
1734748428.483120,85
1734748428.589932,86
1734748428.695410,86
1734748428.802432,86
1734748428.912411,86
1734748429.020845,86
1734748429.129629,87
1734748429.241059,86
1734748429.355736,86
1734748429.471276,86
1734748429.587482,85
1734748429.707269,86
1734748429.828523,86
1734748429.937952,86
1734748430.058445,86
1734748430.173599,86
1734748430.326864,87
1734748430.452635,87
1734748430.560854,87
1734748430.676831,87
1734748430.790907,87
1734748430.917407,86
1734748431.043869,86
1734748431.165563,88
1734748431.275010,88
1734748431.388211,88
1734748431.494321,88
1734748431.605723,88
1734748431.720083,89
1734748431.826607,88
1734748431.954718,87
1734748432.060441,89
1734748432.174769,89
1734748432.304123,88
1734748432.421036,90
1734748432.538737,88
1734748432.644426,89
1734748432.760771,90
1734748432.871831,89
1734748432.988034,89
1734748433.100182,90
1734748433.215834,90
1734748433.331404,88
1734748433.456200,90
1734748433.572663,89
1734748433.687212,89
1734748433.800977,89
1734748433.913646,91
1734748434.032121,90
1734748434.144131,90
1734748434.259306,90
1734748434.375033,91
1734748434.485048,91
1734748434.603198,91
1734748434.716547,89
1734748434.828599,90
1734748434.940696,90
1734748435.055775,90
1734748435.166911,90
1734748435.275482,90
1734748435.388737,90
1734748435.498194,90
1734748435.610710,88
1734748435.716296,90
1734748435.823480,89
1734748435.938402,88
1734748436.046255,89
1734748436.157057,88
1734748436.264712,88
1734748436.372870,88
1734748436.479959,89
1734748436.593469,89
1734748436.705108,88
1734748436.813069,90
1734748436.941030,88
1734748437.059915,89
1734748437.171672,90
1734748437.281672,89
1734748437.390520,88
1734748437.501583,90
1734748437.610786,89
1734748437.722428,89
1734748437.830026,90
1734748437.936239,90
1734748438.045850,89
1734748438.162878,90
1734748438.270244,90
1734748438.376750,90
1734748438.484758,90
1734748438.591184,90
1734748438.705306,90
1734748438.816511,90
1734748438.923144,91
1734748439.035097,90
1734748439.142751,90
1734748439.249241,90
1734748439.354823,91
1734748439.460650,90
1734748439.571961,89
1734748439.677095,91
1734748439.785061,90
1734748439.893636,89
1734748440.001201,91
1734748440.106491,91
1734748440.212246,93
1734748440.319254,92
1734748440.426019,92
1734748440.533149,92
1734748440.639066,92
1734748440.745281,92
1734748440.853088,92
1734748440.959789,93
1734748441.068058,93
1734748441.186757,93
1734748441.297285,93
1734748441.409417,94
1734748441.514941,94
1734748441.622779,94
1734748441.732706,93
1734748441.840048,94
1734748441.949429,95
1734748442.055834,94
1734748442.161163,93
1734748442.267435,95
1734748442.377732,94
1734748442.497784,93
1734748442.604694,95
1734748442.714074,95
1734748442.827130,94
1734748442.934282,94
1734748443.039394,94
1734748443.145464,94
1734748443.252941,94
1734748443.358322,94
1734748443.464445,94
1734748443.573114,94
1734748443.679521,95
1734748443.785882,95
1734748443.893257,94
1734748443.999330,94
1734748444.114995,95
1734748444.237647,94
1734748444.357738,93
1734748444.475512,94
1734748444.587603,94
1734748444.694396,94
1734748444.808334,94
1734748444.914091,94
1734748445.022813,93
1734748445.130233,94
1734748445.237044,94
1734748445.343666,94
1734748445.454087,94
1734748445.562304,94
1734748445.668597,93
1734748445.780428,93
1734748445.889224,93
1734748445.996652,93
1734748446.104381,93
1734748446.211646,93
1734748446.320195,94
1734748446.428034,94
1734748446.534842,93
1734748446.645372,95
1734748446.752990,95
1734748446.861083,94
1734748446.968396,95
1734748447.079905,94
1734748447.188858,94
1734748447.297462,93
1734748447.408711,95
1734748447.518541,93
1734748447.626040,93
1734748447.731644,94
1734748447.840537,95
1734748447.948022,95
1734748448.054929,95
1734748448.160641,95
1734748448.268607,95
1734748448.380624,95
1734748448.492470,95
1734748448.606282,95
1734748448.721169,95
1734748448.844639,94
1734748448.953331,94
1734748449.063233,96
1734748449.170343,97
1734748449.279318,97
1734748449.384755,96
1734748449.491870,97
1734748449.599011,97
1734748449.704622,96
1734748449.811226,96
1734748449.929173,98
1734748450.037030,98
1734748450.146237,97
1734748450.256630,97
1734748450.369490,97
1734748450.479644,98
1734748450.587846,97
1734748450.719330,98
1734748450.826859,98
1734748450.936168,98
1734748451.041237,98
1734748451.147035,97
1734748451.256987,98
1734748451.365669,97
1734748451.478260,97
1734748451.601592,96
1734748451.710377,98
1734748451.816183,98
1734748451.925216,98
1734748452.032771,99
1734748452.140078,99
1734748452.246926,98
1734748452.353225,98
1734748452.459975,98
1734748452.567610,98
1734748452.672899,98
1734748452.778528,99
1734748452.883333,99
1734748452.992974,97
1734748453.100178,98
1734748453.210899,97
1734748453.318427,98
1734748453.426336,98
1734748453.532007,98
1734748453.641417,98
1734748453.747503,98
1734748453.854388,98
1734748453.960817,97
1734748454.067466,97
1734748454.173408,97
1734748454.278454,97
1734748454.384843,98
1734748454.493095,97
1734748454.601086,98
1734748454.712023,98
1734748454.819784,97
1734748454.927997,98
1734748455.036063,97
1734748455.146265,98
1734748455.253147,96
1734748455.400096,98
1734748455.506553,98
1734748455.612051,97
1734748455.720802,98
1734748455.825808,98
1734748455.931191,98
1734748456.039278,98
1734748456.170312,98
1734748456.290695,98
1734748456.400658,98
1734748456.515681,97
1734748456.630927,97
1734748456.737014,98
1734748456.842849,97
1734748456.948355,98
1734748457.055430,98
1734748457.164521,98
1734748457.275571,98
1734748457.401204,98
1734748457.509374,100
1734748457.617444,100
1734748457.724313,100
1734748457.832779,100
1734748457.944789,99
1734748458.054790,99
1734748458.163666,98
1734748458.270423,99
1734748458.380795,99
1734748458.485269,99
1734748458.595666,99
1734748458.702403,99
1734748458.808797,99
1734748458.915538,99
1734748459.022017,100
1734748459.130449,100
1734748459.237347,99
1734748459.348085,100
1734748459.454793,100
1734748459.565175,100
1734748459.671512,100
1734748459.795140,99
1734748459.901770,99
1734748460.006638,99
1734748460.117254,99
1734748460.224522,99
1734748460.337088,98
1734748460.446620,99
1734748460.553262,100
1734748460.663532,99
1734748460.773442,100
1734748460.884905,100
1734748460.994594,100
1734748461.102717,99
1734748461.210139,98
1734748461.322723,99
1734748461.429555,98
1734748461.538699,99
1734748461.644772,99
1734748461.752235,98
1734748461.870500,99
1734748461.984010,99
1734748462.090575,99
1734748462.200548,99
1734748462.345671,98
1734748462.471068,95
1734748462.578084,98
1734748462.685082,97
1734748462.793136,96
1734748462.910926,94
1734748463.017270,95
1734748463.124446,93
1734748463.244336,92
1734748463.350876,89
1734748463.479533,80
1734748463.589173,75
1734748463.700243,67
1734748463.807130,60
1734748463.916456,56
1734748464.023299,50
1734748464.135834,50
1734748464.242682,51
1734748464.350842,51
1734748464.457354,51
1734748464.568620,51
1734748464.677676,51
1734748464.783090,51
1734748464.890210,51
1734748465.004581,50
1734748465.113816,50
1734748465.222824,51
1734748465.332837,52
1734748465.439095,52
1734748465.547979,52
1734748465.655260,52
1734748465.765266,51
1734748465.872745,52
1734748465.978545,52
1734748466.085990,52
1734748466.191259,52
1734748466.306982,52
1734748466.438303,52
1734748466.558627,52
1734748466.671916,53
1734748466.779289,54
1734748466.891355,54
1734748467.001757,54
1734748467.109150,54
1734748467.214407,53
1734748467.319834,53
1734748467.425768,53
1734748467.533198,53
1734748467.640703,54
1734748467.747616,53
1734748467.852926,53
1734748467.959467,53
1734748468.068632,53
1734748468.175820,53
1734748468.292252,54
1734748468.402745,55
1734748468.514328,55
1734748468.624903,55
1734748468.731008,55
1734748468.836851,55
1734748468.943872,54
1734748469.055362,55
1734748469.164016,55
1734748469.282991,55
1734748469.389591,55
1734748469.505818,56
1734748469.620099,56
1734748469.726212,57
1734748469.834579,56
1734748469.941411,57
1734748470.056487,57
1734748470.163943,56
1734748470.272576,56
1734748470.382538,55
1734748470.492301,56
1734748470.604558,56
1734748470.710454,56
1734748470.817884,56
1734748470.923609,57
1734748471.031811,57
1734748471.140901,57
1734748471.253691,57
1734748471.359981,58
1734748471.470237,57
1734748471.577626,56
1734748471.684357,57
1734748471.792876,57
1734748471.904887,57
1734748472.010457,56
1734748472.116875,56
1734748472.225767,57
1734748472.331084,56
1734748472.437756,56
1734748472.544178,56
1734748472.656944,56
1734748472.763015,58
1734748472.875013,58
1734748472.983023,58
1734748473.091387,58
1734748473.211185,57
1734748473.317018,58
1734748473.423975,58
1734748473.530043,58
1734748473.635322,58
1734748473.743713,58
1734748473.852373,59
1734748473.959786,57
1734748474.070329,57
1734748474.175782,58
1734748474.289061,58
1734748474.399913,58
1734748474.524255,59
1734748474.630527,59
1734748474.735638,59
1734748474.841891,59
1734748474.948512,59
1734748475.054501,59
1734748475.160673,59
1734748475.268064,60
1734748475.378402,60
1734748475.487347,60
1734748475.597261,60
1734748475.706229,59
1734748475.812715,59
1734748475.926650,58
1734748476.048512,60
1734748476.160529,59
1734748476.267268,59
1734748476.373335,60
1734748476.491133,60
1734748476.596111,61
1734748476.702627,61
1734748476.810629,61
1734748476.917002,61
1734748477.022820,60
1734748477.129110,62
1734748477.235951,61
1734748477.342910,61
1734748477.452263,62
1734748477.561227,61
1734748477.667480,61
1734748477.773432,62
1734748477.881231,62
1734748477.986835,62
1734748478.094275,62
1734748478.204869,61
1734748478.313735,62
1734748478.422132,63
1734748478.527292,63
1734748478.644533,61
1734748478.763445,62
1734748478.877345,63
1734748478.987164,62
1734748479.093869,62
1734748479.200420,61
1734748479.306612,62
1734748479.412658,61
1734748479.522058,62
1734748479.629554,62
1734748479.739641,63
1734748479.850347,63
1734748479.956245,64
1734748480.073082,64
1734748480.190793,63
1734748480.300621,64
1734748480.412638,64
1734748480.524704,63
1734748480.636449,63
1734748480.743208,64
1734748480.856043,62
1734748480.962525,61
1734748481.072020,64
1734748481.177484,64
1734748481.284536,64
1734748481.391957,64
1734748481.498234,64
1734748481.610100,64
1734748481.726786,64
1734748481.833218,64
1734748481.956457,63
1734748482.084349,64
1734748482.192724,66
1734748482.299228,65
1734748482.410519,65
1734748482.516576,66
1734748482.625111,66
1734748482.731276,65
1734748482.837997,66
1734748482.944266,65
1734748483.049966,65
1734748483.161205,65
1734748483.267283,65
1734748483.376998,65
1734748483.490370,63
1734748483.600074,63
1734748483.706431,64
1734748483.812809,65
1734748483.918825,66
1734748484.040373,66
1734748484.146355,65
1734748484.253421,66
1734748484.360384,67
1734748484.466480,66
1734748484.579507,66
1734748484.688954,67
1734748484.797452,67
1734748484.905213,67
1734748485.013324,66
1734748485.122950,66
1734748485.227881,67
1734748485.334003,66
1734748485.441418,66
1734748485.547365,67
1734748485.656635,67
1734748485.762360,68
1734748485.871760,68
1734748485.979680,67
1734748486.091356,67
1734748486.197835,68
1734748486.304213,67
1734748486.410206,67
1734748486.520654,68
1734748486.631755,68
1734748486.744665,68
1734748486.886195,68
1734748486.991853,67
1734748487.100872,67
1734748487.210739,66
1734748487.322924,66
1734748487.428685,67
1734748487.628057,67
1734748487.951235,67
1734748488.057434,68
1734748488.163398,67
1734748488.273184,67
1734748488.389243,68
1734748488.496546,67
1734748488.607945,68
1734748488.714237,68
1734748488.827745,68
1734748488.935537,68
1734748489.040969,67
1734748489.145923,68
1734748489.256844,68
1734748489.363391,69
1734748489.478288,69
1734748489.585313,68
1734748489.695800,68
1734748489.804280,69
1734748489.910632,70
1734748490.016812,69
1734748490.123686,70
1734748490.229697,70
1734748490.339634,70
1734748490.453103,69
1734748490.562348,69
1734748490.680882,69
1734748490.788654,69
1734748490.897985,69
1734748491.010392,69
1734748491.118070,69
1734748491.223691,69
1734748491.330715,69
1734748491.438228,70
1734748491.554996,71
1734748491.662023,71
1734748491.768540,71
1734748491.875024,70
1734748491.983089,70
1734748492.112392,69
1734748492.220730,71
1734748492.332147,71
1734748492.445119,71
1734748492.552943,72
1734748492.661428,71
1734748492.767359,72
1734748492.875754,72
1734748492.982413,72
1734748493.088133,72
1734748493.193934,73
1734748493.301181,72
1734748493.407996,73
1734748493.512893,73
1734748493.623888,72
1734748493.731989,72
1734748493.840397,71
1734748493.948655,72
1734748494.060385,71
1734748494.168847,72
1734748494.274594,73
1734748494.380013,73
1734748494.484859,73
1734748494.591591,73
1734748494.697026,73
1734748494.801875,73
1734748494.907622,73
1734748495.014702,73
1734748495.123399,73
1734748495.231984,73
1734748495.338663,73
1734748495.449947,72
1734748495.566008,73
1734748495.671632,72
1734748495.776424,73
1734748495.881962,71
1734748495.988131,72
1734748496.095625,71
1734748496.201436,72
1734748496.307966,73
1734748496.425252,73
1734748496.530831,72
1734748496.638165,73
1734748496.748415,73
1734748496.856149,73
1734748496.963930,73
1734748497.073472,73
1734748497.182472,74
1734748497.290228,73
1734748497.397006,74
1734748497.503188,74
1734748497.609379,74
1734748497.715312,73
1734748497.822901,73
1734748497.932002,73
1734748498.037428,73
1734748498.151419,74
1734748498.258943,74
1734748498.369416,74
1734748498.484266,74
1734748498.596747,74
1734748498.706776,74
1734748498.820666,74
1734748498.935347,74
1734748499.042803,74
1734748499.152050,74
1734748499.259298,74
1734748499.369132,74
1734748499.479689,74
1734748499.587422,75
1734748499.704507,74
1734748499.823569,74
1734748499.938109,74
1734748500.049113,75
1734748500.165188,74
1734748500.276735,76
1734748500.388424,76
1734748500.505093,75
1734748500.618315,75
1734748500.727403,76
1734748500.838246,76
1734748500.954256,76
1734748501.073924,76
1734748501.190897,76
1734748501.303302,77
1734748501.416385,78
1734748501.524326,78
1734748501.639081,78
1734748501.748465,78
1734748501.857600,78
1734748501.974184,78
1734748502.085374,77
1734748502.195334,77
1734748502.307530,77
1734748502.423324,78
1734748502.534877,78
1734748502.646350,78
1734748502.757100,78
1734748502.873959,78
1734748502.991782,78
1734748503.105486,78
1734748503.223059,78
1734748503.338553,78
1734748503.454359,79
1734748503.566390,78
1734748503.674345,78
1734748503.788111,78
1734748503.900635,77
1734748504.007810,78
1734748504.121218,78
1734748504.248509,78
1734748504.367689,79
1734748504.474894,78
1734748504.588134,79
1734748504.699536,78
1734748504.810070,77
1734748504.921854,76
1734748505.032754,77
1734748505.140615,77
1734748505.254131,77
1734748505.366801,77
1734748505.475861,78
1734748505.590754,79
1734748505.703162,79
1734748505.808509,79
1734748505.922246,79
1734748506.035611,78
1734748506.143885,78
1734748506.255160,78
1734748506.371885,78
1734748506.481136,78
1734748506.587616,77
1734748506.694574,78
1734748506.802845,78
1734748506.909312,79
1734748507.024602,79
1734748507.132746,79
1734748507.240836,79
1734748507.350805,79
1734748507.458846,78
1734748507.572283,80
1734748507.680920,79
1734748507.792233,81
1734748507.927789,82
1734748508.036809,82
1734748508.162381,82
1734748508.267813,81
1734748508.373820,81
1734748508.480266,81
1734748508.587856,82
1734748508.693428,83
1734748508.801251,82
1734748508.908615,82
1734748509.016162,81
1734748509.124115,82
1734748509.248488,82
1734748509.354779,82
1734748509.460305,82
1734748509.568974,82
1734748509.675413,83
1734748509.790882,81
1734748509.899628,81
1734748510.010344,82
1734748510.121719,83
1734748510.229457,83
1734748510.335659,83
1734748510.458893,82
1734748510.567100,82
1734748510.677369,83
1734748510.812236,83
1734748510.961048,82
1734748511.069345,83
1734748511.175595,83
1734748511.281056,83
1734748511.387885,83
1734748511.493973,83
1734748511.601227,84
1734748511.708495,82
1734748511.816435,82
1734748511.922730,81
1734748512.045038,82
1734748512.159670,82
1734748512.265089,83
1734748512.370943,83
1734748512.476640,83
1734748512.586895,83
1734748512.694432,83
1734748512.801441,83
1734748512.910171,83
1734748513.023427,83
1734748513.129546,82
1734748513.239059,82
1734748513.344116,82
1734748513.456713,82
1734748513.569588,82
1734748513.675004,82
1734748513.782597,83
1734748513.893837,82
1734748514.008242,83
1734748514.116059,82
1734748514.222842,82
1734748514.328703,82
1734748514.438045,82
1734748514.544735,82
1734748514.657499,83
1734748514.763031,83
1734748514.869032,83
1734748514.975389,83
1734748515.087761,83
1734748515.196199,83
1734748515.308039,83
1734748515.414711,84
1734748515.521688,84
1734748515.634568,84
1734748515.748908,84
1734748515.857811,83
1734748515.978015,84
1734748516.093585,83
1734748516.226325,83
1734748516.340141,85
1734748516.455628,85
1734748516.563245,84
1734748516.672643,84
1734748516.779641,83
1734748516.891461,83
1734748516.998147,84
1734748517.105992,83
1734748517.216251,85
1734748517.322649,85
1734748517.431216,84
1734748517.538074,84
1734748517.650478,84
1734748517.762683,86
1734748517.882271,86
1734748517.996481,86
1734748518.103948,86
1734748518.210385,86
1734748518.318183,86
1734748518.425527,86
1734748518.531150,87
1734748518.635885,86
1734748518.742090,86
1734748518.847653,87
1734748518.956307,86
1734748519.063478,86
1734748519.177645,88
1734748519.284259,88
1734748519.396168,88
1734748519.507142,88
1734748519.615788,88
1734748519.725841,88
1734748519.832427,88
1734748519.939130,87
1734748520.044993,87
1734748520.151985,87
1734748520.258437,87
1734748520.364686,88
1734748520.477367,87
1734748520.584458,86
1734748520.692571,88
1734748520.800136,87
1734748520.910379,87
1734748521.024529,87
1734748521.130735,87
1734748521.246322,87
1734748521.359481,87
1734748521.468073,88
1734748521.575871,87
1734748521.695026,87
1734748521.814371,86
1734748521.950231,87
1734748522.065004,87
1734748522.174349,87
1734748522.299623,87
1734748522.413178,86
1734748522.525651,86
1734748522.638232,86
1734748522.766559,87
1734748522.885449,88
1734748523.019542,87
1734748523.158947,85
1734748523.295200,87
1734748523.418321,86
1734748523.567480,86
1734748523.698838,87
1734748523.816785,85
1734748523.949272,86
1734748524.073983,86
1734748524.186958,86
1734748524.298412,87
1734748524.411785,88
1734748524.524652,88
1734748524.636790,88
1734748524.748296,88
1734748524.857541,88
1734748524.965104,88
1734748525.074530,87
1734748525.182932,87
1734748525.298797,87
1734748525.410234,89
1734748525.520919,89
1734748525.630336,88
1734748525.737939,88
1734748525.847707,89
1734748525.955615,89
1734748526.063149,89
1734748526.170468,89
1734748526.278933,89
1734748526.388113,90
1734748526.495646,90
1734748526.604706,90
1734748526.724318,89
1734748526.830673,89
1734748526.943204,91
1734748527.052427,91
1734748527.164344,91
1734748527.271455,91
1734748527.380947,91
1734748527.489263,91
1734748527.601843,92
1734748527.712565,92
1734748527.821967,91
1734748527.928305,91
1734748528.035166,92
1734748528.145137,92
1734748528.250794,92
1734748528.358095,92
1734748528.463942,91
1734748528.571674,91
1734748528.679441,92
1734748528.791214,93
1734748528.903136,93
1734748529.018830,92
1734748529.132299,92
1734748529.243143,92
1734748529.388271,88
1734748529.503021,93
1734748529.616025,92
1734748529.730750,91
1734748529.839261,91
1734748529.954492,91
1734748530.069029,91
1734748530.179357,92
1734748530.287462,91
1734748530.411192,90
1734748530.520417,93
1734748530.628326,93
1734748530.734823,91
1734748530.841957,91
1734748530.950433,92
1734748531.062003,90
1734748531.174640,90
1734748531.286503,90
1734748531.401016,91
1734748531.513476,91
1734748531.620151,91
1734748531.730150,91
1734748531.836832,90
1734748531.952815,92
1734748532.064634,91
1734748532.171337,92
1734748532.284428,91
1734748532.392012,91
1734748532.498009,91
1734748532.609951,91
1734748532.715943,92
1734748532.822750,92
1734748532.935313,91
1734748533.047380,92
1734748533.156108,92
1734748533.266555,91
1734748533.380286,91
1734748533.487451,93
1734748533.596727,91
1734748533.702458,92
1734748533.808361,93
1734748533.920698,93
1734748534.030699,93
1734748534.136683,93
1734748534.254804,92
1734748534.368026,92
1734748534.477889,92
1734748534.587045,92
1734748534.699307,93
1734748534.808891,94
1734748534.916292,94
1734748535.023655,94
1734748535.131400,94
1734748535.238384,95
1734748535.345168,95
1734748535.451681,94
1734748535.560760,94
1734748535.668299,95
1734748535.775670,94
1734748535.882104,94
1734748535.987746,95
1734748536.097255,94
1734748536.203645,94
1734748536.311180,95
1734748536.417137,96
1734748536.525529,96
1734748536.632931,96
1734748536.740789,96
1734748536.848782,96
1734748536.955105,96
1734748537.064725,95
1734748537.171768,96
1734748537.286368,96
1734748537.410884,94
1734748537.517280,95
1734748537.623529,95
1734748537.731887,95
1734748537.836701,97
1734748537.943534,97
1734748538.050915,96
1734748538.156169,97
1734748538.263653,97
1734748538.370345,96
1734748538.482912,95
1734748538.591207,97
1734748538.702569,96
1734748538.811679,94
1734748538.917882,96
1734748539.026382,95
1734748539.134726,96
1734748539.240263,96
1734748539.347923,95
1734748539.454319,95
1734748539.561800,96
1734748539.670645,96
1734748539.779580,95
1734748539.885819,95
1734748539.991876,95
1734748540.098498,95
1734748540.204443,95
1734748540.311570,96
1734748540.416983,96
1734748540.536991,95
1734748540.642398,95
1734748540.748218,96
1734748540.853948,96
1734748540.959816,94
1734748541.065634,95
1734748541.171787,95
1734748541.277551,94
1734748541.383234,94
1734748541.487986,95
1734748541.594918,95
1734748541.706032,96
1734748541.812850,96
1734748541.918146,96
1734748542.025544,96
1734748542.131141,96
1734748542.236647,96
1734748542.351074,95
1734748542.456800,96
1734748542.563809,95
1734748542.671629,96
1734748542.784855,96
1734748542.890043,96
1734748542.995980,97
1734748543.102527,96
1734748543.210578,97
1734748543.317784,97
1734748543.424393,96
1734748543.530963,96
1734748543.637810,96
1734748543.765898,96
1734748543.874089,97
1734748543.979693,98
1734748544.085403,98
1734748544.190684,97
1734748544.295817,98
1734748544.400599,98
1734748544.507502,98
1734748544.615393,98
1734748544.722552,97
1734748544.830348,99
1734748544.936241,99
1734748545.041961,99
1734748545.165068,98
1734748545.271575,98
1734748545.378017,99
1734748545.485085,99
1734748545.590135,100
1734748545.696548,100
1734748545.803452,100
1734748545.909507,100
1734748546.018767,99
1734748546.125540,100
1734748546.237292,99
1734748546.342997,100
1734748546.454358,98
1734748546.565650,98
1734748546.681215,100
1734748546.789725,99
1734748546.898391,100
1734748547.009252,98
1734748547.118298,99
1734748547.223593,99
1734748547.330337,99
1734748547.438844,99
1734748547.545041,99
1734748547.655026,99
1734748547.763656,98
1734748547.870508,99
1734748547.976870,98
1734748548.083772,98
1734748548.190069,98
1734748548.296534,99
1734748548.402325,100
1734748548.511020,100
1734748548.616853,99
1734748548.722897,100
1734748548.828545,100
1734748548.937676,99
1734748549.042758,99
1734748549.150929,99
1734748549.258709,98
1734748549.367744,97
1734748549.473313,98
1734748549.578491,98
1734748549.684410,98
1734748549.789318,99
1734748549.894636,99
1734748550.000584,99
1734748550.111182,99
1734748550.216725,99
1734748550.335998,98
1734748550.508098,99
1734748550.614261,99
1734748550.726258,99
1734748550.834125,99
1734748550.942055,99
1734748551.048683,100
1734748551.156779,99
1734748551.263598,100
1734748551.373302,100
1734748551.481729,100
1734748551.590021,100
1734748551.696053,100
1734748551.805684,100
1734748551.920794,98
1734748552.027433,99
1734748552.137130,99
1734748552.244124,99
1734748552.351942,100
1734748552.460861,100
1734748552.574794,99
1734748552.693037,100
1734748552.800647,100
1734748552.907603,99
1734748553.019141,99
1734748553.124072,100
1734748553.230056,100
1734748553.338667,99
1734748553.451502,99
1734748553.575539,100
1734748553.704214,100
1734748553.811800,100
1734748553.922801,100
1734748554.033361,100
1734748554.142430,99
1734748554.248809,99
1734748554.357107,99
1734748554.469198,99
1734748554.576571,99
1734748554.693545,100
1734748554.802123,99
1734748554.912956,100
1734748555.027777,100
1734748555.142383,98
1734748555.258835,98
1734748555.373632,98
1734748555.482224,98
1734748555.589837,98
1734748555.695727,98
1734748555.805862,99
1734748555.912393,98
1734748556.020048,98
1734748556.126082,98
1734748556.231626,98
1734748556.337456,98
1734748556.448007,96
1734748556.563915,96
1734748556.673911,92
1734748556.783422,94
1734748556.894895,91
1734748557.008789,91
1734748557.125967,88
1734748557.234030,84
1734748557.346551,78
1734748557.460144,70
1734748557.569518,63
1734748557.675808,56
1734748557.784644,51
1734748557.894444,51
1734748558.009013,51
1734748558.120630,51
1734748558.244977,50
1734748558.354137,51
1734748558.460693,52
1734748558.587048,52
1734748558.695435,52
1734748558.803104,52
1734748558.912121,52
1734748559.026719,52
1734748559.139720,52
1734748559.247544,52
1734748559.356053,52
1734748559.478804,52
1734748559.588243,53
1734748559.696159,52
1734748559.809504,53
1734748559.916359,53
1734748560.025670,53
1734748560.133363,53
1734748560.243404,53
1734748560.353239,53
1734748560.459056,53
1734748560.566103,53
1734748560.672565,53
1734748560.779583,53
1734748560.885447,53
1734748560.991915,53
1734748561.098201,54
1734748561.207795,54
1734748561.315661,55
1734748561.426691,55
1734748561.532845,54
1734748561.639689,54
1734748561.748970,54
1734748561.856462,54
1734748561.964360,54
1734748562.071486,55
1734748562.176119,54
1734748562.284189,54
1734748562.394663,54
1734748562.503748,55
1734748562.611877,55
1734748562.718553,55
1734748562.825920,56
1734748562.931556,57
1734748563.038715,57
1734748563.144083,57
1734748563.249085,57
1734748563.354630,57
1734748563.460371,57
1734748563.566825,57
1734748563.672753,57
1734748563.785239,57
1734748563.892392,58
1734748564.006374,57
1734748564.118397,55
1734748564.224020,57
1734748564.329174,57
1734748564.437016,56
1734748564.545023,58
1734748564.709042,58
1734748564.816257,57
1734748564.923500,56
1734748565.031954,56
1734748565.138490,56
1734748565.244353,56
1734748565.349885,58
1734748565.456084,57
1734748565.562620,57
1734748565.669160,58
1734748565.780394,57
1734748565.888342,58
1734748565.995805,58
1734748566.102389,58
1734748566.207922,58
1734748566.314468,58
1734748566.419993,58
1734748566.526489,58
1734748566.632930,58
1734748566.740962,58
1734748566.848930,57
1734748566.954626,58
1734748567.065005,57
1734748567.179434,58
1734748567.295056,58
1734748567.401561,58
1734748567.507944,59
1734748567.614890,59
1734748567.726807,58
1734748567.832801,59
1734748567.939252,59
1734748568.046770,59
1734748568.154914,58
1734748568.262003,59
1734748568.373601,59
1734748568.482497,59
1734748568.589936,60
1734748568.699355,59
1734748568.813508,58
1734748568.928034,59
1734748569.035131,60
1734748569.145642,60
1734748569.257030,60
1734748569.365507,60
1734748569.472152,60
1734748569.586842,60
1734748569.699618,60
1734748569.835167,60
