1734750360.686686,0
1734750360.792961,11
1734750360.898293,20
1734750361.007028,24
1734750361.113391,33
1734750361.234880,39
1734750361.342574,49
1734750361.448628,60
1734750361.560263,68
1734750361.667372,75
1734750361.773099,82
1734750361.882820,90
1734750361.991205,97
1734750362.098311,100
1734750362.207597,100
1734750362.312693,100
1734750362.421119,100
1734750362.528779,100
1734750362.634340,100
1734750362.742992,100
1734750362.851007,100
1734750362.956368,100
1734750363.061456,100
1734750363.168257,100
1734750363.275153,100
1734750363.381578,100
1734750363.490251,99
1734750363.596358,99
1734750363.718080,99
1734750363.823795,100
1734750363.930063,100
1734750364.037192,100
1734750364.143038,100
1734750364.260375,100
1734750364.365064,100
1734750364.474578,98
1734750364.585358,100
1734750364.697735,100
1734750364.803051,100
1734750364.915303,100
1734750365.030386,99
1734750365.142695,98
1734750365.249613,99
1734750365.366117,100
1734750365.475666,100
1734750365.584287,100
1734750365.691888,99
1734750365.805522,99
1734750365.914317,99
1734750366.022399,99
1734750366.133763,99
1734750366.257222,98
1734750366.367122,99
1734750366.476839,100
1734750366.582499,99
1734750366.704520,99
1734750366.830710,97
1734750366.939007,98
1734750367.050778,99
1734750367.169257,99
1734750367.280822,99
1734750367.390191,100
1734750367.498965,100
1734750367.605751,100
1734750367.716496,99
1734750367.833992,92
1734750367.939214,86
1734750368.047392,78
1734750368.155425,72
1734750368.269485,69
1734750368.383962,71
1734750368.498322,71
1734750368.603678,72
1734750368.713481,70
1734750368.819547,70
1734750368.927569,69
1734750369.034903,69
1734750369.141620,70
1734750369.253344,70
1734750369.363908,71
1734750369.471967,71
1734750369.581522,70
1734750369.688759,70
1734750369.798360,70
1734750369.904304,70
1734750370.035769,71
1734750370.144271,71
1734750370.251269,71
1734750370.358724,71
1734750370.463721,71
1734750370.569712,71
1734750370.677039,71
1734750370.783866,71
1734750370.891092,71
1734750370.997148,71
1734750371.105057,71
1734750371.212349,71
1734750371.318512,70
1734750371.427447,71
1734750371.534729,71
1734750371.640342,71
1734750371.745830,71
1734750371.851391,71
1734750371.956659,71
1734750372.063967,71
1734750372.170793,70
1734750372.284009,72
1734750372.392089,72
1734750372.497491,72
1734750372.604776,71
1734750372.719306,71
1734750372.825957,71
1734750372.941050,71
1734750373.048737,71
1734750373.155612,71
1734750373.263340,71
1734750373.370429,72
1734750373.485923,73
1734750373.592785,73
1734750373.699284,73
1734750373.805494,73
1734750373.911963,73
1734750374.017910,73
1734750374.124310,72
1734750374.236724,72
1734750374.342383,71
1734750374.448248,71
1734750374.561139,72
1734750374.666304,73
1734750374.772950,73
1734750374.878247,73
1734750374.987745,73
1734750375.094031,73
1734750375.200260,74
1734750375.306611,75
1734750375.417353,74
1734750375.523289,73
1734750375.631110,74
1734750375.736978,74
1734750375.844100,74
1734750375.953164,74
1734750376.058434,74
1734750376.165858,73
1734750376.273906,74
1734750376.380162,74
1734750376.487241,73
1734750376.595231,73
1734750376.701251,73
1734750376.807919,73
1734750376.914519,73
1734750377.020022,73
1734750377.126012,74
1734750377.233029,74
1734750377.339143,74
1734750377.444113,74
1734750377.550211,74
1734750377.655184,74
1734750377.760662,74
1734750377.866472,74
1734750377.973923,74
1734750378.082159,74
1734750378.188185,74
1734750378.295376,74
1734750378.403623,74
1734750378.509712,74
1734750378.619392,74
1734750378.724188,74
1734750378.830195,73
1734750378.937025,74
1734750379.043286,74
1734750379.149051,73
1734750379.256186,73
1734750379.362017,73
1734750379.468623,74
1734750379.574763,73
1734750379.682660,74
1734750379.791374,74
1734750379.910479,74
1734750380.020751,74
1734750380.128022,74
1734750380.234793,74
1734750380.349154,74
1734750380.453668,74
1734750380.558686,74
1734750380.663711,74
1734750380.768613,74
1734750380.876567,75
1734750380.985638,74
1734750381.090958,75
1734750381.197939,74
1734750381.302614,75
1734750381.408698,75
1734750381.514405,76
1734750381.621545,76
1734750381.726727,76
1734750381.832076,76
1734750381.938007,75
1734750382.247756,76
1734750382.356166,76
1734750382.462095,76
1734750382.568657,76
1734750382.743193,76
1734750382.864965,76
1734750382.975188,76
1734750383.110358,75
1734750383.218380,75
1734750383.325660,75
1734750383.432001,75
1734750383.537997,74
1734750383.649905,74
1734750383.757012,73
1734750383.862125,74
1734750383.968345,74
1734750384.075776,74
1734750384.181434,74
1734750384.293579,74
1734750384.402835,73
1734750384.508757,74
1734750384.616487,73
1734750384.721608,74
1734750384.827404,73
1734750384.933953,73
1734750385.039473,73
1734750385.144852,73
1734750385.251726,73
1734750385.356687,73
1734750385.461514,73
1734750385.568110,73
1734750385.674643,73
1734750385.781113,74
1734750385.904570,74
1734750386.010936,74
1734750386.118542,74
1734750386.223364,74
1734750386.329229,74
1734750386.443036,74
1734750386.556810,74
1734750386.662922,73
1734750386.771835,73
1734750386.879709,73
1734750386.996095,74
1734750387.108881,74
1734750387.219205,73
1734750387.333810,73
1734750387.442370,74
1734750387.552093,74
1734750387.660307,74
1734750387.774305,72
1734750387.881646,73
1734750387.991987,73
1734750388.102180,73
1734750388.211263,73
1734750388.318659,74
1734750388.425073,74
1734750388.536946,74
1734750388.646517,74
1734750388.759386,74
1734750388.885689,74
1734750388.995703,75
1734750389.104151,75
1734750389.212976,75
1734750389.319412,74
1734750389.427774,74
1734750389.540361,75
1734750389.649290,75
1734750389.764483,75
1734750389.882003,73
1734750389.992509,74
1734750390.100406,74
1734750390.210078,74
1734750390.315108,74
1734750390.423225,74
1734750390.533254,74
1734750390.642407,74
1734750390.750223,74
1734750390.860688,73
1734750390.965093,73
1734750391.071997,73
1734750391.179340,74
1734750391.285019,75
1734750391.393121,74
1734750391.498142,74
1734750391.604327,74
1734750391.712720,74
1734750391.819005,74
1734750391.926904,73
1734750392.032883,74
1734750392.141330,74
1734750392.248745,74
1734750392.361263,74
1734750392.476277,74
1734750392.585811,74
1734750392.698999,74
1734750392.813270,74
1734750392.924166,75
1734750393.032252,75
1734750393.142184,75
1734750393.250494,73
1734750393.358694,74
1734750393.466198,74
1734750393.574854,75
1734750393.691503,75
1734750393.796975,75
1734750393.904763,75
1734750394.010827,75
1734750394.116403,75
1734750394.224868,75
1734750394.330855,75
1734750394.438322,75
1734750394.545705,75
1734750394.651407,76
1734750394.760776,75
1734750394.868131,75
1734750394.975192,75
1734750395.082399,75
1734750395.190193,75
1734750395.297287,75
1734750395.403213,75
1734750395.510726,76
1734750395.618114,76
1734750395.725364,76
1734750395.833427,76
1734750395.940480,76
1734750396.069327,75
1734750396.174915,75
1734750396.280830,75
1734750396.387557,75
1734750396.498115,76
1734750396.607001,76
1734750396.713827,76
1734750396.819181,76
1734750396.927334,77
1734750397.033004,77
1734750397.139898,77
1734750397.246896,77
1734750397.355901,77
1734750397.465490,77
1734750397.588262,77
1734750397.695178,77
1734750397.805877,75
1734750397.923413,76
1734750398.030371,76
1734750398.143250,76
1734750398.249953,77
1734750398.355289,78
1734750398.469001,78
1734750398.578894,78
1734750398.684863,78
1734750398.790881,78
1734750398.902877,78
1734750399.015295,77
1734750399.120505,78
1734750399.230168,77
1734750399.336709,77
1734750399.444931,77
1734750399.553166,77
1734750399.659546,78
1734750399.767960,78
1734750399.875985,78
1734750399.998372,77
1734750400.105088,78
1734750400.214308,78
1734750400.342157,78
1734750400.453381,78
1734750400.566549,78
1734750400.675693,79
1734750400.788878,79
1734750400.924171,79
1734750401.029063,79
1734750401.135239,79
1734750401.241066,79
1734750401.346771,79
1734750401.460808,79
1734750401.572335,79
1734750401.682635,78
1734750401.790026,78
1734750401.895405,78
1734750402.001067,79
1734750402.112582,78
1734750402.222344,79
1734750402.329439,80
1734750402.435296,80
1734750402.542979,80
1734750402.650168,80
1734750402.755854,80
1734750402.861412,80
1734750402.966675,80
1734750403.071775,80
1734750403.180344,80
1734750403.286565,80
1734750403.391664,80
1734750403.497293,80
1734750403.605479,80
1734750403.712846,80
1734750403.819449,80
1734750403.924367,80
1734750404.036767,80
1734750404.149891,80
1734750404.256053,79
1734750404.363484,79
1734750404.469073,80
1734750404.576346,81
1734750404.685405,81
1734750404.795025,81
1734750404.901528,81
1734750405.008733,81
1734750405.129194,80
1734750405.234497,81
1734750405.340248,81
1734750405.448814,81
1734750405.555139,81
1734750405.663317,81
1734750405.770721,81
1734750405.878121,80
1734750405.984130,79
1734750406.091011,78
1734750406.227993,78
1734750406.333009,78
1734750406.439810,78
1734750406.546002,78
1734750406.652722,78
1734750406.760513,77
1734750406.865590,77
1734750406.971421,76
1734750407.078096,77
1734750407.182742,76
1734750407.290308,77
1734750407.399081,76
1734750407.503831,77
1734750407.614053,76
1734750407.719702,76
1734750407.830485,76
1734750407.936121,76
1734750408.043594,75
1734750408.149947,76
1734750408.255690,76
1734750408.363830,76
1734750408.469036,76
1734750408.578939,77
1734750408.683727,78
1734750408.790324,77
1734750408.900079,78
1734750409.007317,78
1734750409.117427,78
1734750409.226393,77
1734750409.334057,77
1734750409.439590,77
1734750409.547151,77
1734750409.652670,78
1734750409.759444,77
1734750409.866086,77
1734750409.972514,77
1734750410.083052,77
1734750410.190127,77
1734750410.302222,78
1734750410.411589,78
1734750410.518822,78
1734750410.624390,78
1734750410.734213,79
1734750410.840679,79
1734750410.955110,79
1734750411.064929,79
1734750411.172121,78
1734750411.282302,78
1734750411.388470,78
1734750411.503645,78
1734750411.612408,78
1734750411.718306,78
1734750411.824763,79
1734750411.932988,79
1734750412.038578,79
1734750412.143811,79
1734750412.252050,79
1734750412.363616,79
1734750412.468639,79
1734750412.575256,79
1734750412.683070,79
1734750412.787754,78
1734750412.896016,80
1734750413.002726,80
1734750413.107691,79
1734750413.215591,79
1734750413.320851,79
1734750413.426258,79
1734750413.534530,79
1734750413.639961,79
1734750413.752101,79
1734750413.857416,80
1734750413.968710,80
1734750414.074678,80
1734750414.180054,80
1734750414.285933,80
1734750414.392404,80
1734750414.498347,80
1734750414.603950,81
1734750414.708827,80
1734750414.817842,80
1734750414.924130,80
1734750415.030581,81
1734750415.136340,81
1734750415.240844,81
1734750415.346941,80
1734750415.452847,81
1734750415.557423,81
1734750415.666557,80
1734750415.772183,80
1734750415.884112,81
1734750415.988809,81
1734750416.095123,81
1734750416.201175,81
1734750416.306837,81
1734750416.413435,82
1734750416.520225,81
1734750416.628786,81
1734750416.736808,81
1734750416.844712,80
1734750416.951169,81
1734750417.055796,81
1734750417.161457,82
1734750417.268705,82
1734750417.374583,82
1734750417.482381,82
1734750417.589077,82
1734750417.699239,82
1734750417.806118,82
1734750417.912243,82
1734750418.020087,82
1734750418.127076,82
1734750418.235816,82
1734750418.342013,82
1734750418.448498,82
1734750418.552953,82
1734750418.666865,81
1734750418.773895,81
1734750418.881150,82
1734750418.987682,82
1734750419.092717,81
1734750419.198923,82
1734750419.304165,81
1734750419.410912,81
1734750419.517212,82
1734750419.622954,83
1734750419.728614,83
1734750419.837033,82
1734750419.957932,83
1734750420.064049,83
1734750420.171133,83
1734750420.276646,83
1734750420.384905,83
1734750420.493627,83
1734750420.600790,83
1734750420.706981,83
1734750420.812435,84
1734750420.921137,83
1734750421.028740,82
1734750421.136675,84
1734750421.242971,83
1734750421.348311,83
1734750421.455510,84
1734750421.566068,85
1734750421.672401,85
1734750421.778162,85
1734750421.883076,85
1734750421.990364,85
1734750422.096998,85
1734750422.208252,84
1734750422.320919,86
1734750422.426996,86
1734750422.532957,87
1734750422.640514,86
1734750422.746613,85
1734750422.853008,85
1734750422.958349,86
1734750423.063408,86
1734750423.171547,85
1734750423.278702,86
1734750423.383843,85
1734750423.494258,86
1734750423.600038,86
1734750423.707315,86
1734750423.811682,85
1734750423.920624,84
1734750424.025424,85
1734750424.134422,85
1734750424.241378,86
1734750424.346980,86
1734750424.456078,86
1734750424.562365,87
1734750424.668077,86
1734750424.773903,86
1734750424.879794,86
1734750424.987707,86
1734750425.093836,86
1734750425.200849,86
1734750425.309266,86
1734750425.415140,86
1734750425.525302,87
1734750425.632041,86
1734750425.743376,87
1734750425.850192,87
1734750425.964600,85
1734750426.073865,87
1734750426.208986,85
1734750426.321388,87
1734750426.438482,87
1734750426.543978,87
1734750426.649322,88
1734750426.755597,87
1734750426.862456,86
1734750426.974570,86
1734750427.081864,86
1734750427.195382,87
1734750427.311352,87
1734750427.419284,87
1734750427.529145,87
1734750427.643616,87
1734750427.754510,88
1734750427.863133,87
1734750427.974195,87
1734750428.094663,87
1734750428.203812,87
1734750428.311021,87
1734750428.426373,88
1734750428.532563,87
1734750428.641713,87
1734750428.775132,87
1734750428.884469,87
1734750429.004912,87
1734750429.116881,87
1734750429.228015,88
1734750429.337915,87
1734750429.444230,88
1734750429.553092,88
1734750429.660494,88
1734750429.768291,87
1734750429.895204,88
1734750430.002998,87
1734750430.110568,88
1734750430.217217,89
1734750430.327604,87
1734750430.434884,87
1734750430.540152,88
1734750430.646525,88
1734750430.753340,87
1734750430.872495,87
1734750430.979252,89
1734750431.086831,88
1734750431.194725,87
1734750431.300695,89
1734750431.408748,89
1734750431.514872,89
1734750431.621070,89
1734750431.726800,89
1734750431.832833,89
1734750431.943154,88
1734750432.050808,89
1734750432.155783,88
1734750432.262200,89
1734750432.366904,89
1734750432.473551,89
1734750432.579891,89
1734750432.691241,89
1734750432.805067,90
1734750432.910824,89
1734750433.022193,88
1734750433.146540,90
1734750433.273730,90
1734750433.380292,90
1734750433.492902,90
1734750433.598879,90
1734750433.709269,89
1734750433.815934,89
1734750433.927620,90
1734750434.034124,90
1734750434.143139,90
1734750434.250936,90
1734750434.357181,90
1734750434.467478,90
1734750434.582980,90
1734750434.690465,89
1734750434.799230,90
1734750434.909174,90
1734750435.014929,90
1734750435.124263,90
1734750435.232096,90
1734750435.337696,91
1734750435.443010,90
1734750435.548825,90
1734750435.654484,91
1734750435.760094,91
1734750435.865297,90
1734750435.971552,90
1734750436.077227,91
1734750436.186694,90
1734750436.294484,91
1734750436.400100,91
1734750436.509249,91
1734750436.623860,91
1734750436.729208,91
1734750436.838348,91
1734750436.945455,91
1734750437.053358,91
1734750437.159860,91
1734750437.265441,91
1734750437.371091,91
1734750437.480360,91
1734750437.587318,92
1734750437.696149,91
1734750437.803536,90
1734750437.913260,92
1734750438.019746,91
1734750438.126125,92
1734750438.260048,92
1734750438.383424,91
1734750438.489206,91
1734750438.595908,92
1734750438.702090,92
1734750438.807589,91
1734750438.912967,92
1734750439.018012,92
1734750439.123739,92
1734750439.232646,92
1734750439.339954,92
1734750439.463320,92
1734750439.595013,93
1734750439.704858,92
1734750439.815317,92
1734750439.927335,92
1734750440.317166,94
1734750440.424186,96
1734750440.529782,95
1734750440.637284,95
1734750440.743422,95
1734750440.849002,95
1734750440.958180,94
1734750441.065797,94
1734750441.172274,95
1734750441.278992,94
1734750441.386166,94
1734750441.494777,95
1734750441.601594,92
1734750441.707059,93
1734750441.811937,93
1734750441.919047,93
1734750442.025391,93
1734750442.131833,94
1734750442.238624,94
1734750442.346675,94
1734750442.456435,94
1734750442.562504,94
1734750442.668399,94
1734750442.774056,94
1734750442.900646,94
1734750443.012195,95
1734750443.117850,94
1734750443.224159,93
1734750443.330575,94
1734750443.436080,93
1734750443.542855,93
1734750443.651010,95
1734750443.757816,95
1734750443.863546,94
1734750443.980363,95
1734750444.095719,95
1734750444.200970,94
1734750444.307942,95
1734750444.414720,95
1734750444.520075,94
1734750444.626436,95
1734750444.747087,95
1734750444.852511,94
1734750444.958389,94
1734750445.063630,94
1734750445.171436,94
1734750445.279412,94
1734750445.403404,95
1734750445.510696,95
1734750445.616064,96
1734750445.723259,94
1734750445.830847,96
1734750445.937974,96
1734750446.043441,95
1734750446.149091,96
1734750446.255287,96
1734750446.379776,96
1734750446.489491,96
1734750446.600070,94
1734750446.707238,95
1734750446.814879,94
1734750446.921875,95
1734750447.028072,95
1734750447.141325,95
1734750447.247682,96
1734750447.354927,96
1734750447.465321,96
1734750447.583323,96
1734750447.689849,94
1734750447.807713,96
1734750447.914068,96
1734750448.020208,96
1734750448.334954,97
1734750448.609496,95
1734750448.715019,96
1734750448.822061,97
1734750448.928469,96
1734750449.034347,96
1734750449.139494,97
1734750449.256328,97
1734750449.363099,96
1734750449.468883,97
1734750449.598518,97
1734750449.720374,97
1734750449.902170,97
1734750450.012986,97
1734750450.122054,97
1734750450.230607,97
1734750450.336377,96
1734750450.443139,97
1734750450.555428,96
1734750450.663618,97
1734750450.769359,97
1734750450.880748,96
1734750450.987907,97
1734750451.093344,98
1734750451.200003,97
1734750451.305916,98
1734750451.411559,99
1734750451.517408,97
1734750451.624927,99
1734750451.731540,98
1734750451.837772,99
1734750451.943135,98
1734750452.050596,99
1734750452.156048,99
1734750452.262181,98
1734750452.368158,99
1734750452.474038,99
1734750452.586724,99
1734750452.693883,99
1734750452.800393,99
1734750452.905118,99
1734750453.011464,98
1734750453.117859,98
1734750453.223866,98
1734750453.330865,98
1734750453.440365,98
1734750453.546742,99
1734750453.652666,100
1734750453.759006,99
1734750453.864626,100
1734750453.969610,100
1734750454.076586,98
1734750454.182810,100
1734750454.289856,99
1734750454.395396,100
1734750454.501936,98
1734750454.607755,99
1734750454.717065,99
1734750454.824455,98
1734750454.933962,99
1734750455.039973,99
1734750455.145949,99
1734750455.250886,99
1734750455.356229,99
1734750455.463571,99
1734750455.571602,99
1734750455.677490,100
1734750455.794508,100
1734750455.903266,99
1734750456.008730,100
1734750456.115449,100
1734750456.222277,100
1734750456.327282,100
1734750456.435410,99
1734750456.541561,99
1734750456.646569,98
1734750456.751669,99
1734750456.856771,99
1734750456.962300,99
1734750457.067494,99
1734750457.179226,99
1734750457.286557,100
1734750457.391409,99
1734750457.497615,100
1734750457.604696,100
1734750457.710503,100
1734750457.815681,99
1734750457.921376,99
1734750458.026651,99
1734750458.133042,99
1734750458.237449,99
1734750458.344165,99
1734750458.449513,97
1734750458.561450,97
1734750458.668020,97
1734750458.777800,97
1734750458.883485,97
1734750458.990212,97
1734750459.095742,96
1734750459.204090,95
1734750459.308623,90
1734750459.414619,82
1734750459.520315,76
1734750459.625914,68
1734750459.730725,61
1734750459.837091,56
1734750459.943195,51
1734750460.048641,51
1734750460.155183,51
1734750460.260268,51
1734750460.369256,51
1734750460.477161,51
1734750460.583166,51
1734750460.690044,51
1734750460.796793,51
1734750460.905555,51
1734750461.011226,50
1734750461.120637,51
1734750461.226839,52
1734750461.334990,52
1734750461.440650,51
1734750461.552645,51
1734750461.661185,51
1734750461.769426,52
1734750461.875011,52
1734750461.981482,52
1734750462.087565,52
1734750462.193172,52
1734750462.302434,52
1734750462.419663,52
1734750462.529078,52
1734750462.642349,52
1734750462.760982,52
1734750462.868128,53
1734750462.979666,53
1734750463.091605,53
1734750463.201879,53
1734750463.314464,53
1734750463.421562,54
1734750463.528179,53
1734750463.634503,53
1734750463.740452,53
1734750463.847621,53
1734750463.955770,53
1734750464.060944,53
1734750464.168892,54
1734750464.274647,54
1734750464.381261,54
1734750464.488031,54
1734750464.593145,54
1734750464.697940,54
1734750464.804476,55
1734750464.910003,55
1734750465.016748,56
1734750465.124487,55
1734750465.230049,55
1734750465.338088,55
1734750465.443193,55
1734750465.554185,55
1734750465.660125,56
1734750465.766423,55
1734750465.874234,55
1734750465.979579,54
1734750466.087708,55
1734750466.194160,55
1734750466.302036,55
1734750466.408054,55
1734750466.514890,55
1734750466.621071,55
1734750466.728130,56
1734750466.833858,57
1734750466.941809,56
1734750467.049960,56
1734750467.157704,57
1734750467.263152,57
1734750467.371923,57
1734750467.478776,57
1734750467.584951,56
1734750467.693752,57
1734750467.799866,57
1734750467.914107,56
1734750468.020177,57
1734750468.128379,56
1734750468.234917,56
1734750468.342225,55
1734750468.448774,56
1734750468.556181,57
1734750468.662644,58
1734750468.770508,58
1734750468.875808,58
1734750468.981923,58
1734750469.088677,58
1734750469.193009,58
1734750469.300687,58
1734750469.408287,58
1734750469.514942,58
1734750469.628494,57
1734750469.763081,57
1734750469.890143,58
1734750470.018570,58
1734750470.126794,58
1734750470.234461,58
1734750470.340772,59
1734750470.448331,59
1734750470.556898,59
1734750470.664003,59
1734750470.777001,58
1734750470.883727,59
1734750470.991308,58
1734750471.096466,58
1734750471.207119,60
1734750471.313246,59
1734750471.421052,58
1734750471.527948,60
1734750471.635280,59
1734750471.742498,58
1734750471.846946,59
1734750471.953259,60
1734750472.058333,59
1734750472.164456,60
1734750472.275957,60
1734750472.381907,60
1734750472.489355,59
1734750472.595129,60
1734750472.701108,59
1734750472.808846,60
1734750472.914342,60
1734750473.018873,61
1734750473.125942,60
1734750473.232168,60
1734750473.340213,61
1734750473.450185,60
1734750473.559304,60
1734750473.667640,61
1734750473.776814,61
1734750473.884153,61
1734750474.011627,61
1734750474.120122,61
1734750474.228367,61
1734750474.333462,61
1734750474.439314,61
1734750474.546259,61
1734750474.658123,61
1734750474.764571,62
1734750474.873266,62
1734750474.979437,61
1734750475.086833,61
1734750475.196657,62
1734750475.302166,62
1734750475.409086,63
1734750475.514348,63
1734750475.633747,63
1734750475.739511,63
1734750475.847265,63
1734750475.953867,62
1734750476.059111,62
1734750476.167569,62
1734750476.278103,63
1734750476.384718,62
1734750476.491415,62
1734750476.598656,63
1734750476.704625,63
1734750476.810577,62
1734750476.915891,62
1734750477.022158,63
1734750477.130159,63
1734750477.237112,63
1734750477.347234,63
1734750477.454844,64
1734750477.563745,64
1734750477.669477,64
1734750477.781189,63
1734750477.887600,64
1734750477.996244,64
1734750478.102839,65
1734750478.210250,64
1734750478.316772,64
1734750478.424670,65
1734750478.530967,65
1734750478.638043,63
1734750478.745170,64
1734750478.850888,64
1734750478.957436,64
1734750479.063102,63
1734750479.170294,65
1734750479.276388,65
1734750479.382130,65
1734750479.487123,65
1734750479.594737,65
1734750479.700001,65
1734750479.807168,65
1734750479.912882,66
1734750480.019533,66
1734750480.128062,65
1734750480.241457,66
1734750480.348746,66
1734750480.455601,65
1734750480.562700,65
1734750480.677692,65
1734750480.783553,66
1734750480.890812,65
1734750480.998201,65
1734750481.105194,65
1734750481.212606,66
1734750481.318785,66
1734750481.426167,66
1734750481.534386,66
1734750481.639172,66
1734750481.747701,67
1734750481.855296,66
1734750481.962411,66
1734750482.069951,67
1734750482.175723,67
1734750482.282436,66
1734750482.388297,67
1734750482.494621,67
1734750482.601829,66
1734750482.715791,67
1734750482.821381,67
1734750482.928427,67
1734750483.037702,67
1734750483.149506,66
1734750483.256184,66
1734750483.362541,67
1734750483.469086,67
1734750483.576573,68
1734750483.682159,65
1734750483.787832,66
1734750483.896159,68
1734750484.003151,68
1734750484.109015,67
1734750484.215481,68
1734750484.321900,67
1734750484.433184,68
1734750484.539079,68
1734750484.647552,68
1734750484.753657,68
1734750484.863075,68
1734750484.969593,68
1734750485.076170,68
1734750485.181737,68
1734750485.289096,69
1734750485.395802,69
1734750485.512815,68
1734750485.619991,67
1734750485.729987,69
1734750485.836763,69
1734750485.944876,68
1734750486.052065,69
1734750486.167397,69
1734750486.273426,69
1734750486.380477,69
1734750486.485857,69
1734750486.592076,70
1734750486.698479,70
1734750486.806179,70
1734750486.914025,70
1734750487.020513,71
1734750487.125564,71
1734750487.231367,72
1734750487.336668,71
1734750487.442977,71
1734750487.550776,71
1734750487.658936,71
1734750487.769004,71
1734750487.878114,71
1734750487.984772,71
1734750488.091800,70
1734750488.204375,71
1734750488.310608,71
1734750488.429700,71
1734750488.535946,72
1734750488.642949,72
1734750488.752515,70
1734750488.859499,70
1734750488.968162,71
1734750489.079300,70
1734750489.193133,70
1734750489.304589,71
1734750489.411792,71
1734750489.517951,70
1734750489.623784,71
1734750489.729932,71
1734750489.836398,71
1734750489.944295,70
1734750490.050931,72
1734750490.159411,72
1734750490.265140,72
1734750490.371252,72
1734750490.476321,72
1734750490.583668,72
1734750490.689409,72
1734750490.795322,72
1734750490.902725,72
1734750491.008439,72
1734750491.114080,72
1734750491.231683,72
1734750491.336915,73
1734750491.442472,73
1734750491.548723,72
1734750491.654888,72
1734750491.763430,71
1734750491.870125,72
1734750491.975984,73
1734750492.082332,73
1734750492.188092,73
1734750492.295055,73
1734750492.405565,73
1734750492.512375,72
1734750492.623785,73
1734750492.733230,73
1734750492.838176,73
1734750492.944668,73
1734750493.054806,72
1734750493.159323,75
1734750493.270311,75
1734750493.376165,75
1734750493.484711,74
1734750493.594483,73
1734750493.700287,75
1734750493.814299,74
1734750493.921216,74
1734750494.026742,75
1734750494.135516,73
1734750494.243949,74
1734750494.353611,74
1734750494.462563,74
1734750494.571918,74
1734750494.677644,74
1734750494.786452,74
1734750494.895070,74
1734750495.002715,72
1734750495.107813,75
1734750495.214865,75
1734750495.322105,75
1734750495.428675,74
1734750495.535142,75
1734750495.640280,75
1734750495.746945,74
1734750495.854093,75
1734750495.959900,74
1734750496.066918,75
1734750496.172938,75
1734750496.289493,75
1734750496.419186,75
1734750496.527158,75
1734750496.635525,75
1734750496.742345,75
1734750496.852477,75
1734750496.962178,75
1734750497.067789,75
1734750497.173763,75
1734750497.281942,76
1734750497.387881,76
1734750497.500159,76
1734750497.618561,76
1734750497.728163,75
1734750497.839755,76
1734750498.000473,76
1734750498.106297,76
1734750498.213449,76
1734750498.346537,76
1734750498.452225,76
1734750498.569283,77
1734750498.703418,76
1734750498.809986,76
1734750498.948611,76
1734750499.079448,77
1734750499.208162,75
1734750499.317394,77
1734750499.423994,77
1734750499.541550,77
1734750499.647958,77
1734750499.775362,76
1734750499.881247,78
1734750499.992660,78
1734750500.127418,78
1734750500.236775,77
1734750500.346250,76
1734750500.452712,77
1734750500.559251,77
1734750500.665206,77
1734750500.772161,77
1734750500.877297,77
1734750500.987754,77
1734750501.095717,77
1734750501.207287,77
1734750501.312601,77
1734750501.418768,77
1734750501.525049,78
1734750501.631498,78
1734750501.737170,78
1734750501.842825,78
1734750501.950352,78
1734750502.057298,77
1734750502.164307,78
1734750502.275310,78
1734750502.398597,79
1734750502.507590,79
1734750502.615575,79
1734750502.725492,79
1734750502.832097,78
1734750502.941255,79
1734750503.047433,79
1734750503.158213,79
1734750503.263543,79
1734750503.372429,79
1734750503.478225,78
1734750503.584682,78
1734750503.693216,78
1734750503.800358,79
1734750503.910059,79
1734750504.016512,79
1734750504.125411,79
1734750504.231979,79
1734750504.341963,80
1734750504.452905,80
1734750504.564198,80
1734750504.672467,80
1734750504.779776,80
1734750504.886740,79
1734750504.992620,80
1734750505.099231,80
1734750505.207794,80
1734750505.312934,80
1734750505.422611,79
1734750505.529314,80
1734750505.635135,79
1734750505.743611,79
1734750505.850005,80
1734750505.961580,80
1734750506.075328,81
1734750506.188522,81
1734750506.300299,81
1734750506.407307,81
1734750506.513211,81
1734750506.622492,81
1734750506.728093,80
1734750506.836696,81
1734750506.944553,81
1734750507.051055,81
1734750507.159151,81
1734750507.264748,81
1734750507.372341,81
1734750507.478501,80
1734750507.583930,80
1734750507.693503,79
1734750507.801530,81
1734750507.910408,81
1734750508.016686,81
1734750508.129602,82
1734750508.239344,82
1734750508.345341,82
1734750508.452641,82
1734750508.562334,80
1734750508.672154,82
1734750508.777662,82
1734750508.883626,82
1734750508.993973,82
1734750509.100443,82
1734750509.207751,82
1734750509.315093,82
1734750509.420498,82
1734750509.527326,82
1734750509.634102,83
1734750509.746231,81
1734750509.860170,81
1734750510.035709,83
1734750510.153174,82
1734750510.282719,82
1734750510.395420,84
1734750510.509390,84
1734750510.616297,84
1734750510.726318,84
1734750510.834986,84
1734750510.943959,82
1734750511.049001,83
1734750511.156075,83
1734750511.262990,83
1734750511.369465,83
1734750511.478996,83
1734750511.585240,83
1734750511.695159,83
1734750511.801591,83
1734750511.910950,83
1734750512.015683,83
1734750512.123257,84
1734750512.229922,85
1734750512.345361,84
1734750512.452471,84
1734750512.560712,85
1734750512.694459,84
1734750512.801606,84
1734750512.911359,84
1734750513.016233,84
1734750513.128473,84
1734750513.250990,85
1734750513.360916,85
1734750513.465189,85
1734750513.570804,84
1734750513.679915,84
1734750513.786296,84
1734750513.904065,84
1734750514.011697,85
1734750514.118487,84
1734750514.244495,84
1734750514.363280,84
1734750514.470196,85
1734750514.602175,84
1734750514.732438,84
1734750514.842283,84
1734750514.950697,84
1734750515.057857,85
1734750515.170766,86
1734750515.287522,86
1734750515.399640,86
1734750515.535112,85
1734750515.656837,85
1734750515.778823,85
1734750515.894828,86
1734750516.014840,85
1734750516.125529,86
1734750516.231068,87
1734750516.337208,87
1734750516.450333,87
1734750516.558263,86
1734750516.666907,85
1734750516.775966,85
1734750516.881639,85
1734750517.314682,86
1734750517.421198,86
1734750517.529096,85
1734750517.636486,87
1734750517.745799,87
1734750517.853501,87
1734750517.967927,87
1734750518.081631,87
1734750518.187647,86
1734750518.296386,86
1734750518.404274,86
1734750518.511611,85
1734750518.617300,87
1734750518.724699,87
1734750518.830630,87
1734750518.946489,87
1734750519.051701,87
1734750519.164996,88
1734750519.270968,87
1734750519.378479,87
1734750519.488743,88
1734750519.597035,87
1734750519.703555,87
1734750519.814509,88
1734750519.920954,88
1734750520.030233,88
1734750520.140638,88
1734750520.247256,88
1734750520.357035,86
1734750520.468943,87
1734750520.582643,88
1734750520.688393,88
1734750520.799988,88
1734750520.914963,88
1734750521.021358,89
1734750521.128945,88
1734750521.235112,88
1734750521.342549,89
1734750521.456385,88
1734750521.577039,88
1734750521.683607,89
1734750521.789013,87
1734750521.912620,88
1734750522.026377,89
1734750522.136698,89
1734750522.251471,89
1734750522.359954,89
1734750522.469374,88
1734750522.583978,89
1734750522.694777,89
1734750522.802022,88
1734750522.908909,89
1734750523.021372,89
1734750523.127934,88
1734750523.234663,87
1734750523.346664,89
1734750523.466920,89
1734750523.579433,89
1734750523.687792,89
1734750523.794900,89
1734750523.902767,90
1734750524.008993,89
1734750524.119639,89
1734750524.233712,90
1734750524.340064,89
1734750524.450507,89
1734750524.562952,90
1734750524.672225,90
1734750524.778697,90
1734750524.900632,91
1734750525.014199,91
1734750525.120758,89
1734750525.226510,90
1734750525.334566,91
1734750525.440863,91
1734750525.549824,90
1734750525.656023,91
1734750525.763674,91
1734750525.869345,92
1734750525.975591,92
1734750526.082339,92
1734750526.188871,91
1734750526.295127,91
1734750526.404025,92
1734750526.511332,92
1734750526.618771,91
1734750526.724756,91
1734750526.830862,92
1734750526.937134,91
1734750527.044126,91
1734750527.152769,91
1734750527.262762,90
1734750527.368515,92
1734750527.474834,92
1734750527.583282,92
1734750527.689820,92
1734750527.795338,92
1734750527.903528,90
1734750528.012188,91
1734750528.118588,91
1734750528.226781,91
1734750528.333266,90
1734750528.439776,91
1734750528.545335,92
1734750528.651784,92
1734750528.757334,90
1734750528.877527,91
1734750528.994274,93
1734750529.105933,91
1734750529.216226,92
1734750529.321380,93
1734750529.427946,93
1734750529.535388,90
1734750529.642261,92
1734750529.748884,93
1734750529.853737,93
1734750529.962479,93
1734750530.070294,92
1734750530.179729,91
1734750530.286312,92
1734750530.391456,92
1734750530.498302,92
1734750530.604363,92
1734750530.710307,92
1734750530.834106,93
1734750530.943053,93
1734750531.062254,93
1734750531.167766,94
1734750531.274908,94
1734750531.382924,92
1734750531.489238,94
1734750531.593551,93
1734750531.700476,92
1734750531.804671,92
1734750531.910876,93
1734750532.018337,93
1734750532.124217,92
1734750532.230150,93
1734750532.337894,94
1734750532.444502,94
1734750532.561659,94
1734750532.666476,94
1734750532.774422,94
1734750532.884994,94
1734750533.008351,94
1734750533.115695,93
1734750533.223172,93
1734750533.329357,93
1734750533.434463,93
1734750533.541977,93
1734750533.648253,94
1734750533.757273,95
1734750533.863837,95
1734750533.971341,95
1734750534.076520,95
1734750534.184830,95
1734750534.290022,94
1734750534.395791,95
1734750534.505550,95
1734750534.611059,94
1734750534.717944,94
1734750534.824253,95
1734750534.931201,95
1734750535.050376,94
1734750535.160857,94
1734750535.267658,93
1734750535.374778,94
1734750535.485170,95
1734750535.591463,94
1734750535.699326,94
1734750535.825234,95
1734750535.935157,95
1734750536.041388,94
1734750536.149506,95
1734750536.256018,96
1734750536.368208,96
1734750536.472938,95
1734750536.578738,96
1734750536.689090,94
1734750536.795565,94
1734750536.902633,94
1734750537.007394,95
1734750537.113860,95
1734750537.219431,95
1734750537.325163,96
1734750537.431311,96
1734750537.536761,96
1734750537.644717,96
1734750537.752637,96
1734750537.858669,96
1734750537.964664,96
1734750538.079675,96
1734750538.188969,96
1734750538.305466,96
1734750538.412509,96
1734750538.522043,96
1734750538.647597,95
1734750538.754669,96
1734750538.860499,97
1734750538.966258,96
1734750539.071961,96
1734750539.197654,97
1734750539.306813,97
1734750539.412059,96
1734750539.518143,97
1734750539.625155,97
1734750539.732161,97
1734750539.837476,97
1734750539.952307,97
1734750540.057442,96
1734750540.173425,97
1734750540.284124,97
1734750540.392295,97
1734750540.503357,97
1734750540.610584,97
1734750540.725684,97
1734750540.832047,97
1734750540.938802,97
1734750541.044095,97
1734750541.150271,97
1734750541.259989,97
1734750541.373608,97
1734750541.487840,98
1734750541.592934,97
1734750541.702671,98
1734750541.809364,99
1734750541.915216,98
1734750542.023598,99
1734750542.128436,98
1734750542.236024,99
1734750542.343683,97
1734750542.449865,97
1734750542.560878,98
1734750542.666488,97
1734750542.772653,98
1734750542.878736,98
1734750542.986883,97
1734750543.091688,98
1734750543.200868,98
1734750543.309221,98
1734750543.416950,98
1734750543.523627,99
1734750543.630171,98
1734750543.737216,99
1734750543.844668,99
1734750543.951220,99
1734750544.057883,99
1734750544.163453,99
1734750544.271292,100
1734750544.378301,99
1734750544.485951,98
1734750544.591347,99
1734750544.698627,99
1734750544.804924,99
1734750544.910599,99
1734750545.016924,99
1734750545.121574,99
1734750545.226662,98
1734750545.347935,100
1734750545.453363,100
1734750545.562332,100
1734750545.667964,100
1734750545.774508,100
1734750545.880175,100
1734750545.986084,100
1734750546.093431,100
1734750546.199507,100
1734750546.322305,99
1734750546.429440,99
1734750546.539605,99
1734750546.647469,99
1734750546.754013,99
1734750546.859990,99
1734750546.988745,100
1734750547.101241,100
1734750547.207725,100
1734750547.326695,100
1734750547.433954,98
1734750547.539843,99
1734750547.683014,99
1734750547.790967,98
1734750547.897316,99
1734750548.004551,100
1734750548.111125,99
1734750548.215892,100
1734750548.322166,100
1734750548.427973,100
1734750548.534490,100
1734750548.641936,100
1734750548.748221,98
1734750548.856009,97
1734750548.967855,98
1734750549.073962,98
1734750549.185288,97
1734750549.292749,98
1734750549.402622,98
1734750549.511163,98
1734750549.616972,97
1734750549.723612,96
1734750549.830364,91
1734750549.942185,83
1734750550.049565,76
1734750550.161608,67
1734750550.272776,59
1734750550.377575,54
1734750550.483122,50
1734750550.588363,50
1734750550.712480,51
1734750550.819028,51
1734750550.926374,50
1734750551.033245,50
1734750551.138607,50
1734750551.244407,50
1734750551.355964,49
1734750551.466083,51
1734750551.573455,51
1734750551.679751,51
1734750551.785562,52
1734750551.892468,52
1734750551.998319,52
1734750552.104737,52
1734750552.212144,52
1734750552.318168,52
1734750552.424340,52
1734750552.531612,52
1734750552.644208,52
1734750552.749329,52
1734750552.855828,51
1734750552.964285,52
1734750553.071563,52
1734750553.177934,53
1734750553.286423,53
1734750553.395536,53
1734750553.510480,53
1734750553.647770,52
1734750553.763246,53
1734750553.870230,53
1734750553.978685,53
1734750554.084563,53
1734750554.190422,53
1734750554.295759,54
1734750554.404495,53
1734750554.512513,52
1734750554.619414,53
1734750554.724787,54
1734750554.837394,54
1734750554.948528,54
1734750555.065962,54
1734750555.178403,53
1734750555.285210,55
1734750555.391774,56
1734750555.498021,54
1734750555.603565,55
1734750555.709661,55
1734750555.814773,55
1734750555.920321,55
1734750556.028386,55
1734750556.134126,56
1734750556.241178,55
1734750556.347220,55
1734750556.453146,55
1734750556.559797,55
1734750556.665164,55
1734750556.771994,55
1734750556.876987,55
1734750556.984447,55
1734750557.091725,55
1734750557.197823,56
1734750557.306223,56
1734750557.411343,56
1734750557.518134,56
1734750557.625226,56
1734750557.732034,57
1734750557.836974,57
1734750557.944324,57
1734750558.060137,56
1734750558.166809,56
1734750558.273444,57
1734750558.380587,57
1734750558.486748,57
1734750558.597023,57
1734750558.707287,56
1734750558.815441,56
1734750558.920195,56
1734750559.028497,57
1734750559.135046,56
1734750559.240175,57
1734750559.349447,57
1734750559.465023,57
1734750559.570578,58
1734750559.679070,58
1734750559.786787,58
1734750559.894838,58
1734750560.000918,58
1734750560.107538,59
1734750560.219469,58
1734750560.326382,58
1734750560.433116,58
1734750560.551401,58
1734750560.661487,58
1734750560.769031,58
1734750560.876927,58
1734750560.987131,58
1734750561.095436,59
1734750561.205981,59
1734750561.314543,59
1734750561.427831,59
1734750561.536506,59
1734750561.643048,59
1734750561.751319,60
1734750561.857960,60
1734750561.964313,61
1734750562.071656,60
1734750562.180103,60
1734750562.287447,61
1734750562.395458,60
1734750562.500817,61
1734750562.608872,60
1734750562.722596,59
1734750562.836366,59
1734750562.946547,59
1734750563.052860,59
1734750563.159209,60
1734750563.265414,60
1734750563.374396,61
1734750563.482331,59
1734750563.596128,59
1734750563.701132,61
1734750563.807421,60
1734750563.916933,60
1734750564.027042,59
1734750564.135850,61
1734750564.240715,61
1734750564.348428,61
1734750564.454949,60
1734750564.560715,60
1734750564.671582,61
1734750564.779168,61
1734750564.885316,61
1734750564.991138,61
1734750565.097150,61
1734750565.206908,62
1734750565.312713,61
1734750565.417599,61
1734750565.523856,63
