1734654926.843065,0
1734654926.948795,11
1734654927.055269,17
1734654927.160338,20
1734654927.267133,20
1734654927.371823,20
1734654927.477102,20
1734654927.581421,20
1734654927.686514,20
1734654927.790810,20
1734654927.896795,20
1734654928.003256,20
1734654928.115561,20
1734654928.220819,20
1734654928.325490,18
1734654928.429385,17
1734654928.534052,18
1734654928.639138,18
1734654928.744703,17
1734654928.850228,16
1734654928.955789,16
1734654929.060949,17
1734654929.166505,17
1734654929.282999,16
1734654929.387539,17
1734654929.493237,16
1734654929.598602,19
1734654929.703475,18
1734654929.809079,18
1734654929.914250,19
1734654930.019682,20
1734654930.124321,20
1734654930.229384,20
1734654930.334830,20
1734654930.440942,19
1734654930.546592,19
1734654930.652479,19
1734654930.756874,20
1734654930.861872,20
1734654930.967583,18
1734654931.072970,20
1734654931.180239,19
1734654931.286159,20
1734654931.391052,19
1734654931.495460,19
1734654931.599658,20
1734654931.705996,20
1734654931.811512,19
1734654931.916907,20
1734654932.021827,20
1734654932.127999,19
1734654932.234390,20
1734654932.339292,20
1734654932.445733,18
1734654932.551938,19
1734654932.656428,18
1734654932.761218,17
1734654932.866190,17
1734654932.971117,18
1734654933.076966,18
1734654933.182766,18
1734654933.288446,18
1734654933.393490,18
1734654933.499201,18
1734654933.605183,18
1734654933.709899,18
1734654933.815660,18
1734654933.921300,18
1734654934.027490,18
1734654934.131913,18
1734654934.237113,18
1734654934.342311,18
1734654934.448321,18
1734654934.553888,18
1734654934.658680,19
1734654934.762064,19
1734654934.867980,19
1734654934.973839,19
1734654935.078217,19
1734654935.183409,19
1734654935.299736,16
1734654935.404730,16
1734654935.511672,16
1734654935.616774,16
1734654935.722245,17
1734654935.826138,16
1734654935.932348,17
1734654936.036833,17
1734654936.142646,17
1734654936.246899,17
1734654936.352048,17
1734654936.456800,17
1734654936.562317,17
1734654936.667730,17
1734654936.771978,17
1734654936.877739,17
1734654936.982603,17
1734654937.087846,17
1734654937.200997,17
1734654937.306872,17
1734654937.412100,17
1734654937.517637,17
1734654937.624085,17
1734654937.728892,17
1734654937.835573,17
1734654937.940985,17
1734654938.047755,17
1734654938.152515,17
1734654938.256711,17
1734654938.363056,18
1734654938.468895,19
1734654938.573948,19
1734654938.681174,19
1734654938.787188,20
1734654938.892459,20
1734654938.997249,20
1734654939.102384,20
1734654939.216727,20
1734654939.321208,20
1734654939.426389,20
1734654939.531216,20
1734654939.637543,20
1734654939.742166,20
1734654939.847816,20
1734654939.953702,20
1734654940.058418,20
1734654940.163861,20
1734654940.268319,20
1734654940.372793,19
1734654940.477942,18
1734654940.585059,18
1734654940.690784,18
1734654940.795628,19
1734654940.900103,19
1734654941.003878,19
1734654941.107702,18
1734654941.212834,18
1734654941.317750,18
1734654941.423346,18
1734654941.528790,18
1734654941.633792,20
1734654941.738956,20
1734654941.845150,20
1734654941.949749,20
1734654942.054735,19
1734654942.159492,20
1734654942.263349,20
1734654942.368955,19
1734654942.473573,19
1734654942.579215,20
1734654942.684936,19
1734654942.790311,20
1734654942.894908,20
1734654943.000240,20
1734654943.105313,18
1734654943.260778,18
1734654943.365801,16
1734654943.471397,15
1734654943.579187,16
1734654943.683720,16
1734654943.789480,16
1734654943.894725,16
1734654943.999728,16
1734654944.104472,16
1734654944.209190,16
1734654944.313465,15
1734654944.418212,16
1734654944.527856,16
1734654944.633277,16
1734654944.737891,16
1734654944.843103,16
1734654944.948921,16
1734654945.053209,16
1734654945.158155,16
1734654945.263895,16
1734654945.368994,16
1734654945.474450,15
1734654945.578781,16
1734654945.684058,16
1734654945.789046,16
1734654945.894502,16
1734654945.999635,17
1734654946.104066,17
1734654946.221420,18
1734654946.327462,19
1734654946.433668,19
1734654946.540411,19
1734654946.646198,19
1734654946.752483,19
1734654946.858086,19
1734654946.962191,18
1734654947.067595,19
1734654947.180626,18
1734654947.285084,18
1734654947.389983,17
1734654947.496476,17
1734654947.600776,17
1734654947.706299,17
1734654947.811719,16
1734654947.916985,16
1734654948.021903,16
1734654948.127787,16
1734654948.238446,16
1734654948.343700,16
1734654948.449270,16
1734654948.555149,16
1734654948.661140,15
1734654948.766502,15
1734654948.871691,15
1734654948.977729,15
1734654949.089674,15
1734654949.195519,15
1734654949.301224,16
1734654949.406684,16
1734654949.519007,16
1734654949.624455,17
1734654949.730403,17
1734654949.836600,18
1734654949.941171,18
1734654950.046579,18
1734654950.152960,19
1734654950.258666,19
1734654950.362862,19
1734654950.467948,18
1734654950.573799,18
1734654950.680309,19
1734654950.786547,20
1734654950.891011,20
1734654950.999071,20
1734654951.103333,20
1734654951.209095,20
1734654951.313920,20
1734654951.419632,20
1734654951.562089,20
1734654951.666700,20
1734654951.773401,20
1734654951.879412,20
1734654951.986479,20
1734654952.091469,20
1734654952.198203,20
1734654952.303514,20
1734654952.409170,19
1734654952.513458,19
1734654952.618671,19
1734654952.723416,20
1734654952.831422,20
1734654952.942973,19
1734654953.047190,20
1734654953.151963,20
1734654953.257019,20
1734654953.361985,20
1734654953.466868,20
1734654953.571895,20
1734654953.675848,19
1734654953.781207,18
1734654953.885310,18
1734654953.989614,18
1734654954.093980,18
1734654954.199296,18
1734654954.307739,18
1734654954.412132,18
1734654954.516782,18
1734654954.621982,18
1734654954.726430,18
1734654954.831756,20
1734654954.938923,20
1734654955.043822,20
1734654955.147768,20
1734654955.252057,20
1734654955.357838,20
1734654955.462112,20
1734654955.567989,20
1734654955.672812,20
1734654955.777533,20
1734654955.881840,20
1734654955.987270,20
1734654956.091452,17
1734654956.197057,16
1734654956.302550,16
1734654956.407641,16
1734654956.512426,16
1734654956.617131,16
1734654956.722680,16
1734654956.828479,16
1734654956.932930,16
1734654957.037583,16
1734654957.142399,17
1734654957.246433,16
1734654957.350488,16
1734654957.455675,16
1734654957.560993,16
1734654957.665604,16
1734654957.772358,17
1734654957.877109,17
1734654957.982178,18
1734654958.086334,17
1734654958.190564,18
1734654958.295094,20
1734654958.399782,20
1734654958.503746,18
1734654958.608528,18
1734654958.713324,18
1734654958.818047,20
1734654958.922748,20
1734654959.027437,20
1734654959.131830,20
1734654959.238886,20
1734654959.343400,20
1734654959.448403,20
1734654959.553154,20
1734654959.657945,20
1734654959.763760,20
1734654959.867843,19
1734654959.972582,20
1734654960.078094,19
1734654960.184492,20
1734654960.290901,19
1734654960.395860,18
1734654960.500448,17
1734654960.605610,17
1734654960.711431,18
1734654960.816492,18
1734654960.921484,18
1734654961.026596,18
1734654961.132476,18
1734654961.237392,18
1734654961.342603,18
1734654961.447810,18
1734654961.552955,18
1734654961.657999,18
1734654961.763732,18
1734654961.869164,18
1734654961.974486,18
1734654962.079222,18
1734654962.183818,18
1734654962.290104,18
1734654962.394681,18
1734654962.499251,19
1734654962.603218,19
1734654962.707957,19
1734654962.812447,19
1734654962.917228,19
1734654963.022821,19
1734654963.127877,19
1734654963.232922,20
1734654963.338108,19
1734654963.442588,19
1734654963.548314,20
1734654963.652439,19
1734654963.756661,19
1734654963.861898,18
1734654963.967307,19
1734654964.072537,19
1734654964.183798,16
1734654964.289198,16
1734654964.395265,16
1734654964.499659,16
1734654964.604295,16
1734654964.710132,16
1734654964.815572,16
1734654964.921682,16
1734654965.026702,16
1734654965.140043,16
1734654965.244853,16
1734654965.350053,16
1734654965.457387,17
1734654965.561563,18
1734654965.666573,18
1734654965.772414,17
1734654965.877283,19
1734654965.982478,19
1734654966.087681,19
1734654966.192951,19
1734654966.297577,18
1734654966.403307,19
1734654966.507480,19
1734654966.611869,19
1734654966.715822,19
1734654966.819666,19
1734654966.925552,20
1734654967.030167,20
1734654967.134511,20
1734654967.239067,20
1734654967.343754,20
1734654967.448076,20
1734654967.552805,20
1734654967.658345,20
1734654967.763113,20
1734654967.868742,20
1734654967.974164,19
1734654968.079185,17
1734654968.184947,16
1734654968.294402,16
1734654968.400517,16
1734654968.505143,16
1734654968.610558,16
1734654968.715437,16
1734654968.820568,16
1734654968.924747,16
1734654969.029138,16
1734654969.134916,16
1734654969.240495,16
1734654969.345700,16
1734654969.449742,15
1734654969.554005,16
1734654969.658712,17
1734654969.763500,17
1734654969.868439,18
1734654969.973175,18
1734654970.078051,18
1734654970.182517,18
1734654970.288462,18
1734654970.396369,18
1734654970.501379,18
1734654970.605726,18
1734654970.710218,18
1734654970.815395,18
1734654970.921451,19
1734654971.026061,19
1734654971.130695,19
1734654971.235373,19
1734654971.339780,20
1734654971.444536,20
1734654971.549427,20
1734654971.655445,20
1734654971.759669,20
1734654971.863778,20
1734654971.969075,19
1734654972.073197,20
1734654972.178539,20
1734654972.283492,19
1734654972.387182,19
1734654972.491668,20
1734654972.595974,19
1734654972.703265,19
1734654972.808393,20
1734654972.912969,18
1734654973.017475,18
1734654973.122469,12
1734654973.230046,6
1734654973.334641,6
1734654973.439246,7
1734654973.543475,8
1734654973.647798,8
1734654973.752393,8
1734654973.856774,10
1734654973.960983,11
1734654974.065345,9
1734654974.170494,11
1734654974.275016,12
1734654974.380082,11
1734654974.485959,13
1734654974.590141,14
1734654974.698250,14
1734654974.803916,14
1734654974.908556,14
1734654975.016792,14
1734654975.123819,14
1734654975.228289,14
1734654975.333710,15
1734654975.438028,15
1734654975.544554,15
1734654975.649453,15
1734654975.754471,16
1734654975.858242,14
1734654975.964151,16
1734654976.068006,16
1734654976.173301,18
1734654976.279115,17
1734654976.383454,18
1734654976.487449,18
1734654976.592353,18
1734654976.696518,19
1734654976.801734,19
1734654976.905843,19
1734654977.010844,19
1734654977.118343,19
1734654977.223036,20
1734654977.331326,19
1734654977.435323,20
1734654977.539335,20
1734654977.645688,20
1734654977.751630,20
1734654977.855433,20
1734654977.959952,20
1734654978.065461,20
1734654978.170244,20
1734654978.274441,19
1734654978.382468,18
1734654978.486593,14
1734654978.591193,10
1734654978.695739,10
1734654978.800733,11
1734654978.904538,11
1734654979.008935,12
1734654979.113142,13
1734654979.218182,12
1734654979.322456,13
1734654979.427217,14
1734654979.532441,14
1734654979.636547,14
1734654979.741333,15
1734654979.845911,15
1734654979.970752,15
1734654980.076020,17
1734654980.181077,17
1734654980.286069,17
1734654980.392145,17
1734654980.499348,17
1734654980.604480,19
1734654980.709077,18
1734654980.813952,17
1734654980.917819,19
1734654981.022304,19
1734654981.127144,19
1734654981.231989,18
1734654981.336674,18
1734654981.441183,19
1734654981.545909,19
1734654981.650500,18
1734654981.756464,19
1734654981.861279,19
1734654981.966013,19
1734654982.070117,18
1734654982.174864,17
1734654982.279524,16
1734654982.383907,15
1734654982.488464,14
1734654982.593082,12
1734654982.696967,12
1734654982.803167,12
1734654982.908275,12
1734654983.014164,13
1734654983.124452,13
1734654983.228505,13
1734654983.332742,14
1734654983.437398,14
1734654983.543111,14
1734654983.647492,14
1734654983.752599,15
1734654983.857060,15
1734654983.961473,15
1734654984.065666,15
1734654984.170145,15
1734654984.275272,15
1734654984.380834,16
1734654984.485014,16
1734654984.589346,17
1734654984.693840,16
1734654984.798003,17
1734654984.902512,17
1734654985.006613,17
1734654985.112495,18
1734654985.218446,18
1734654985.322894,18
1734654985.427643,18
1734654985.531386,18
1734654985.635236,19
1734654985.739504,18
1734654985.845210,19
1734654985.950152,19
1734654986.054755,18
1734654986.158661,20
1734654986.263283,19
1734654986.367192,19
1734654986.471734,20
1734654986.576235,19
1734654986.680907,19
1734654986.786739,20
1734654986.890935,20
1734654986.995223,20
1734654987.109847,20
1734654987.214334,19
1734654987.319419,19
1734654987.424446,17
1734654987.529269,12
1734654987.633714,12
1734654987.738400,13
1734654987.842335,13
1734654987.946324,13
1734654988.050923,13
1734654988.154834,14
1734654988.260551,13
1734654988.371391,14
1734654988.476803,15
1734654988.580815,15
1734654988.685243,15
1734654988.791169,15
1734654988.896496,17
1734654989.001535,16
1734654989.106057,17
1734654989.210354,16
1734654989.314481,17
1734654989.420280,17
1734654989.524985,18
1734654989.630371,17
1734654989.734399,17
1734654989.839455,18
1734654989.944306,18
1734654990.049247,18
1734654990.154265,19
1734654990.260569,19
1734654990.364993,20
1734654990.468837,19
1734654990.574380,19
1734654990.679819,20
1734654990.784783,20
1734654990.890542,20
1734654990.995281,20
1734654991.100034,20
1734654991.204994,20
1734654991.309364,20
1734654991.414128,19
1734654991.519243,18
1734654991.624314,16
1734654991.728288,11
1734654991.832729,11
1734654991.938186,11
1734654992.044501,11
1734654992.148931,12
1734654992.253357,12
1734654992.358235,12
1734654992.462642,14
1734654992.567212,13
1734654992.671767,14
1734654992.776497,14
1734654992.881074,14
1734654992.989586,15
1734654993.093926,16
1734654993.198040,17
1734654993.302919,16
1734654993.407919,16
1734654993.512786,16
1734654993.618068,18
1734654993.723844,17
1734654993.828113,18
1734654993.934525,18
1734654994.038814,19
1734654994.142830,19
1734654994.248256,19
1734654994.358285,18
1734654994.463441,19
1734654994.582760,20
1734654994.687011,20
1734654994.792275,20
1734654994.896722,19
1734654995.001463,20
1734654995.106324,19
1734654995.211353,17
1734654995.318353,17
1734654995.423128,10
1734654995.527217,10
1734654995.632204,11
1734654995.736831,11
1734654995.841551,12
1734654995.946367,11
1734654996.051276,12
1734654996.155863,14
1734654996.260844,14
1734654996.366074,14
1734654996.470249,14
1734654996.574899,15
1734654996.679300,14
1734654996.784118,15
1734654996.888360,15
1734654996.993136,16
1734654997.098046,16
1734654997.202595,17
1734654997.306432,16
1734654997.411730,16
1734654997.515931,16
1734654997.622121,17
1734654997.727368,17
1734654997.833090,17
1734654997.938512,18
1734654998.043406,18
1734654998.147498,18
1734654998.252399,18
1734654998.357522,19
1734654998.462262,19
1734654998.566566,19
1734654998.670676,19
1734654998.775040,19
1734654998.879461,19
1734654998.984209,18
1734654999.088400,19
1734654999.192538,19
1734654999.298656,19
1734654999.404349,20
1734654999.508960,19
1734654999.613385,18
1734654999.718001,13
1734654999.822739,12
1734654999.928286,12
1734655000.033157,12
1734655000.138109,13
1734655000.243683,13
1734655000.348799,13
1734655000.453809,14
1734655000.557773,14
1734655000.662578,15
1734655000.767877,15
1734655000.871454,16
1734655000.976979,16
1734655001.083060,15
1734655001.187746,15
1734655001.292751,16
1734655001.397276,16
1734655001.501926,16
1734655001.606945,17
1734655001.711262,17
1734655001.815723,17
1734655001.920049,17
1734655002.023919,18
1734655002.128425,18
1734655002.232729,17
1734655002.338476,18
1734655002.444957,18
1734655002.550340,18
1734655002.654945,19
1734655002.759319,19
1734655002.863212,19
1734655002.967763,20
1734655003.071654,20
1734655003.175558,20
1734655003.279482,19
1734655003.391269,20
1734655003.495905,20
1734655003.602838,19
1734655003.708022,18
1734655003.812460,15
1734655003.916412,11
1734655004.020569,10
1734655004.129714,12
1734655004.233616,13
1734655004.337987,13
1734655004.442250,13
1734655004.546595,13
1734655004.651986,13
1734655004.757115,13
1734655004.862839,13
1734655004.968041,15
1734655005.076286,14
1734655005.180709,15
1734655005.285949,15
1734655005.390861,16
1734655005.497691,15
1734655005.602763,16
1734655005.707427,16
1734655005.811785,16
1734655005.915973,16
1734655006.020967,17
1734655006.125014,19
1734655006.229152,19
1734655006.335351,20
1734655006.440009,20
1734655006.543958,19
1734655006.648666,20
1734655006.754153,20
1734655006.859239,20
1734655006.963598,19
1734655007.067990,19
1734655007.171813,20
1734655007.276413,20
1734655007.380826,20
1734655007.486245,20
1734655007.593594,20
1734655007.697800,20
1734655007.802508,20
1734655007.907455,19
1734655008.012769,19
1734655008.117929,15
1734655008.222910,11
1734655008.327633,11
1734655008.432755,11
1734655008.538118,11
1734655008.642476,12
1734655008.746967,12
1734655008.852157,12
1734655008.958184,13
1734655009.062606,14
1734655009.167115,14
1734655009.271485,14
1734655009.377068,15
1734655009.482236,15
1734655009.587861,15
1734655009.692836,16
1734655009.797621,16
1734655009.901875,17
1734655010.006297,18
1734655010.111959,18
1734655010.216802,18
1734655010.321158,18
1734655010.425306,16
1734655010.531722,17
1734655010.636806,17
1734655010.742265,18
1734655010.846713,18
1734655010.950751,18
1734655011.055801,18
1734655011.162422,19
1734655011.267187,19
1734655011.371544,18
1734655011.475876,19
1734655011.582384,20
1734655011.687334,19
1734655011.791734,19
1734655011.900964,18
1734655012.006525,19
1734655012.111357,18
1734655012.215290,17
1734655012.319601,12
1734655012.423669,11
1734655012.528146,12
1734655012.633257,12
1734655012.737852,13
1734655012.842954,13
1734655012.948472,13
1734655013.052589,15
1734655013.165851,14
1734655013.270831,15
1734655013.375209,15
1734655013.479809,15
1734655013.584687,15
1734655013.689347,15
1734655013.794273,15
1734655013.898698,15
1734655014.007040,16
1734655014.111470,16
1734655014.215971,16
1734655014.320550,16
1734655014.425590,17
1734655014.531368,17
1734655014.636391,17
1734655014.740754,17
1734655014.844916,18
1734655014.949618,17
1734655015.054536,18
1734655015.159043,18
1734655015.267134,19
1734655015.371930,18
1734655015.475752,19
1734655015.581036,19
1734655015.685230,20
1734655015.790524,20
1734655015.895134,20
1734655015.999746,19
1734655016.103728,20
1734655016.208128,20
1734655016.312512,19
1734655016.417176,18
1734655016.521922,15
1734655016.627419,10
1734655016.732681,11
1734655016.838150,11
1734655016.943417,12
1734655017.047772,13
1734655017.152253,13
1734655017.258290,13
1734655017.362190,14
1734655017.466774,14
1734655017.571043,13
1734655017.675433,15
1734655017.779618,15
1734655017.883374,15
1734655017.987948,15
1734655018.092553,16
1734655018.196956,16
1734655018.302190,16
1734655018.407966,16
1734655018.512506,16
1734655018.617215,16
1734655018.721141,18
1734655018.827460,18
1734655018.932895,18
1734655019.039965,18
1734655019.145400,19
1734655019.262460,19
1734655019.368811,20
1734655019.473503,20
1734655019.577549,20
1734655019.681977,20
1734655019.787000,20
1734655019.891384,20
1734655019.996470,20
1734655020.101013,20
1734655020.205065,20
1734655020.309581,20
1734655020.413807,20
1734655020.518785,20
1734655020.624325,20
1734655020.728661,18
1734655020.833958,17
1734655020.938593,10
1734655021.044786,11
1734655021.149152,10
1734655021.255965,11
1734655021.359818,12
1734655021.465610,11
1734655021.570400,12
1734655021.674935,12
1734655021.779691,13
1734655021.884448,13
1734655021.988451,13
1734655022.094067,14
1734655022.198480,14
1734655022.303383,14
1734655022.412965,17
1734655022.516982,17
1734655022.621744,17
1734655022.726051,17
1734655022.831419,17
1734655022.935972,18
1734655023.040380,18
1734655023.145490,18
1734655023.253318,19
1734655023.360460,19
1734655023.464979,19
1734655023.569984,19
1734655023.675276,19
1734655023.780041,19
1734655023.884308,20
1734655023.990225,19
1734655024.096133,19
1734655024.204597,20
1734655024.308639,19
1734655024.413037,20
1734655024.517474,19
1734655024.623074,19
1734655024.727438,19
1734655024.831429,18
1734655024.935380,17
1734655025.039408,13
1734655025.148576,12
1734655025.254177,11
1734655025.359055,12
1734655025.464038,13
1734655025.569206,12
1734655025.674124,14
1734655025.778606,14
1734655025.891471,15
1734655026.014761,14
1734655026.118598,15
1734655026.222837,16
1734655026.327970,15
1734655026.431785,15
1734655026.535919,15
1734655026.641165,15
1734655026.745560,15
1734655026.850822,16
1734655026.955267,16
1734655027.059433,16
1734655027.164989,17
1734655027.269236,17
1734655027.375296,17
1734655027.481718,16
1734655027.591871,18
1734655027.696762,18
1734655027.800909,18
1734655027.905650,18
1734655028.013538,18
1734655028.117876,18
1734655028.226932,20
1734655028.331525,20
1734655028.436088,20
1734655028.540437,20
1734655028.645026,20
1734655028.749297,20
1734655028.853976,20
1734655028.962610,20
1734655029.067602,20
1734655029.173685,18
1734655029.278090,17
1734655029.382396,16
1734655029.487030,13
1734655029.592539,12
1734655029.698703,12
1734655029.802905,13
1734655029.906854,13
1734655030.011528,13
1734655030.116102,14
1734655030.220062,14
1734655030.325100,14
1734655030.434595,14
1734655030.539037,15
1734655030.643175,15
1734655030.747794,15
1734655030.851645,14
1734655030.956841,17
1734655031.061644,16
1734655031.166063,17
1734655031.271910,17
1734655031.378378,19
1734655031.483902,18
1734655031.588373,19
1734655031.692235,19
1734655031.818216,18
1734655031.922805,19
1734655032.027687,20
1734655032.131575,19
1734655032.236528,18
1734655032.340460,19
1734655032.450462,19
1734655032.554918,18
1734655032.661294,20
1734655032.765389,19
1734655032.869716,19
1734655032.973990,19
1734655033.078959,18
1734655033.183460,19
1734655033.288118,19
1734655033.393737,19
1734655033.498560,19
1734655033.603446,18
1734655033.707386,13
1734655033.812119,12
1734655033.917980,12
1734655034.022534,12
1734655034.126726,13
1734655034.231037,13
1734655034.336860,13
1734655034.441310,13
1734655034.546930,14
1734655034.652032,14
1734655034.756269,14
1734655034.859946,15
1734655034.964983,15
1734655035.070467,15
1734655035.176000,16
1734655035.280304,16
1734655035.385025,16
1734655035.489708,16
1734655035.596094,17
1734655035.702146,17
1734655035.806438,17
1734655035.911283,17
1734655036.015861,18
1734655036.120592,18
1734655036.225768,17
1734655036.331218,18
1734655036.435688,18
1734655036.539500,18
1734655036.643352,19
1734655036.751311,19
1734655036.856391,19
1734655036.961153,19
1734655037.066255,20
1734655037.170579,20
1734655037.275390,19
1734655037.379950,19
1734655037.484777,20
1734655037.589014,20
1734655037.694303,20
1734655037.799206,20
1734655037.903630,20
1734655038.007595,20
1734655038.111412,20
1734655038.216373,19
1734655038.321783,19
1734655038.427398,17
1734655038.533838,13
1734655038.661226,13
1734655038.766466,14
1734655038.872462,11
1734655038.977784,14
1734655039.082777,13
1734655039.187441,14
1734655039.292477,15
1734655039.398038,15
1734655039.503295,15
1734655039.608120,15
1734655039.712267,15
1734655039.817014,15
1734655039.923038,16
1734655040.027109,16
1734655040.131571,16
1734655040.237761,16
1734655040.342056,17
1734655040.446640,18
1734655040.551473,18
1734655040.655582,19
1734655040.760488,19
1734655040.866966,19
1734655040.970906,19
1734655041.075345,19
1734655041.180737,20
1734655041.285253,19
1734655041.390844,20
1734655041.495316,20
1734655041.600340,20
1734655041.705593,20
1734655041.810924,20
1734655041.918821,20
1734655042.023268,20
1734655042.128475,20
1734655042.232898,18
1734655042.337811,18
1734655042.442913,14
1734655042.548217,11
1734655042.652575,11
1734655042.757717,11
1734655042.862511,11
1734655042.967176,12
1734655043.072030,12
1734655043.181262,13
1734655043.285152,14
1734655043.389837,14
1734655043.494021,14
1734655043.597998,15
1734655043.701911,15
1734655043.807624,15
1734655043.911718,16
1734655044.016533,17
1734655044.141846,16
1734655044.245832,17
1734655044.350649,18
1734655044.455123,18
1734655044.561859,18
1734655044.665775,18
1734655044.770204,18
1734655044.874351,18
1734655044.980318,17
1734655045.086079,18
1734655045.190141,18
1734655045.294694,18
1734655045.398669,19
1734655045.504921,19
1734655045.608976,19
1734655045.713279,19
1734655045.818525,19
1734655045.924985,19
1734655046.029114,18
1734655046.133767,20
1734655046.239010,19
1734655046.344014,20
1734655046.448754,20
1734655046.554774,20
1734655046.659122,20
1734655046.763283,20
1734655046.868150,20
1734655046.973151,19
1734655047.077291,20
1734655047.182194,18
1734655047.286897,11
1734655047.391221,13
1734655047.495786,13
1734655047.600797,13
1734655047.707347,14
1734655047.811995,14
1734655047.917631,14
1734655048.022382,14
1734655048.127003,15
1734655048.231296,15
1734655048.336951,15
1734655048.440933,15
1734655048.545588,15
1734655048.650730,15
1734655048.755131,16
1734655048.859493,16
1734655048.964696,16
1734655049.070104,17
1734655049.174430,17
1734655049.279217,16
1734655049.386321,17
1734655049.491101,18
1734655049.595944,18
1734655049.701054,17
1734655049.805884,19
1734655049.909885,19
1734655050.014671,18
1734655050.120359,19
1734655050.224493,19
1734655050.330087,19
1734655050.458404,19
1734655050.571917,17
1734655050.677070,11
1734655050.781381,11
1734655050.886150,12
1734655050.990603,12
1734655051.095745,13
1734655051.200604,13
1734655051.305681,13
1734655051.409819,13
1734655051.514639,13
1734655051.619010,14
1734655051.723655,13
1734655051.829090,15
1734655051.933533,14
1734655052.037953,15
1734655052.142606,15
1734655052.246931,15
1734655052.351280,15
1734655052.456098,16
1734655052.560657,16
1734655052.666677,16
1734655052.770987,17
1734655052.879030,17
1734655052.985032,18
1734655053.090592,18
1734655053.195724,19
1734655053.301289,19
1734655053.409414,19
1734655053.513992,19
1734655053.619098,19
1734655053.723446,19
1734655053.827579,20
1734655053.932463,20
1734655054.036763,20
1734655054.140786,20
1734655054.245441,20
1734655054.352381,20
1734655054.456927,20
1734655054.561153,20
1734655054.665173,20
1734655054.769299,20
1734655054.873315,20
1734655054.979130,20
1734655055.084621,18
1734655055.209240,17
1734655055.314589,11
1734655055.420761,12
1734655055.533771,12
1734655055.638170,13
1734655055.746181,13
1734655055.850873,14
1734655055.962513,13
1734655056.066663,13
1734655056.171672,14
1734655056.277392,14
1734655056.381580,14
1734655056.485757,15
1734655056.590580,15
1734655056.695191,15
1734655056.800318,16
1734655056.905137,16
1734655057.009347,16
1734655057.116285,16
1734655057.226280,17
1734655057.331411,17
1734655057.435479,17
1734655057.539691,17
1734655057.643874,17
1734655057.748243,16
1734655057.852302,18
1734655057.956959,18
1734655058.061898,18
1734655058.166032,19
1734655058.270521,20
1734655058.376284,20
1734655058.484755,20
1734655058.592361,19
1734655058.697724,20
1734655058.802555,20
1734655058.906686,20
1734655059.010700,20
1734655059.116347,20
1734655059.222181,18
1734655059.327567,16
1734655059.432046,14
1734655059.537120,12
1734655059.641873,11
1734655059.746577,12
1734655059.851773,12
1734655059.959157,12
1734655060.063783,13
1734655060.168525,14
1734655060.272908,14
1734655060.377565,14
1734655060.484339,14
1734655060.588681,13
1734655060.694172,14
1734655060.800796,15
1734655060.909357,15
1734655061.015035,15
1734655061.120151,15
1734655061.224432,17
1734655061.329126,17
1734655061.434565,16
1734655061.538857,18
1734655061.644436,17
1734655061.749205,18
1734655061.855355,18
1734655061.959940,19
1734655062.063777,18
1734655062.168617,18
1734655062.273004,18
1734655062.377810,18
1734655062.483217,19
1734655062.587101,20
1734655062.691970,19
1734655062.801104,20
1734655062.907821,20
1734655063.012568,20
1734655063.116403,20
1734655063.221050,20
1734655063.326732,20
1734655063.462000,19
1734655063.566974,18
1734655063.671206,14
1734655063.775872,11
1734655063.880085,11
1734655063.984677,11
1734655064.089975,11
1734655064.194619,12
1734655064.299524,11
1734655064.404821,12
1734655064.509764,14
1734655064.615730,14
1734655064.720334,14
1734655064.825917,16
1734655064.930370,16
1734655065.034174,14
1734655065.139253,15
1734655065.244652,16
1734655065.349528,16
1734655065.453916,16
1734655065.558280,17
1734655065.662193,16
1734655065.766677,16
1734655065.871324,16
1734655065.976102,18
1734655066.082867,17
1734655066.187667,17
1734655066.292621,18
1734655066.397208,18
1734655066.502403,18
1734655066.606550,18
1734655066.711495,19
1734655066.816795,19
1734655066.921296,18
1734655067.028471,19
1734655067.132869,19
1734655067.237074,19
1734655067.341270,19
1734655067.446249,19
1734655067.551064,19
1734655067.655985,19
1734655067.761208,20
1734655067.866631,19
1734655067.971470,18
1734655068.076392,13
1734655068.180491,12
1734655068.286029,12
1734655068.391236,12
1734655068.495984,13
1734655068.600789,12
1734655068.706738,14
1734655068.811363,14
1734655068.916348,14
1734655069.021536,14
1734655069.125526,14
1734655069.231832,15
1734655069.336392,15
1734655069.441510,14
1734655069.546165,15
1734655069.650987,16
1734655069.755522,16
1734655069.859493,16
1734655069.963398,17
1734655070.067344,17
1734655070.172028,17
1734655070.276664,17
1734655070.381275,17
1734655070.485492,18
1734655070.590322,18
1734655070.696290,18
1734655070.801263,18
1734655070.905672,18
1734655071.010189,19
1734655071.114408,18
1734655071.218434,19
1734655071.323883,20
1734655071.428469,20
1734655071.538718,20
1734655071.643277,19
1734655071.754334,20
1734655071.858831,20
1734655071.963737,20
1734655072.070766,18
1734655072.175691,14
1734655072.282382,11
1734655072.388086,10
1734655072.492409,12
1734655072.597160,12
1734655072.701919,12
1734655072.810102,13
1734655072.915380,12
1734655073.019399,14
1734655073.123414,12
1734655073.229760,13
1734655073.334158,15
1734655073.442339,14
1734655073.547861,14
1734655073.652105,15
1734655073.756610,15
1734655073.861294,16
1734655073.965844,18
1734655074.071669,18
1734655074.176113,17
1734655074.282320,18
1734655074.387800,19
1734655074.492701,19
1734655074.598554,19
1734655074.702563,19
1734655074.806818,19
1734655074.911423,18
1734655075.016420,19
1734655075.121765,19
1734655075.226322,19
1734655075.331102,19
1734655075.435915,18
1734655075.542922,20
1734655075.647659,20
1734655075.752371,18
1734655075.857215,20
1734655075.961796,20
1734655076.066526,20
1734655076.170875,19
1734655076.275733,18
1734655076.380152,18
1734655076.485013,17
1734655076.590701,16
1734655076.695563,10
1734655076.801402,11
1734655076.906328,12
1734655077.010603,12
1734655077.116157,13
1734655077.220927,13
1734655077.325180,14
1734655077.429368,14
1734655077.533458,14
1734655077.637797,15
1734655077.741850,15
1734655077.848915,15
1734655077.952833,15
1734655078.058350,16
1734655078.163095,16
1734655078.268623,16
1734655078.374391,15
1734655078.478591,17
1734655078.584863,16
1734655078.689012,17
1734655078.794797,17
1734655078.898906,17
1734655079.003125,17
1734655079.107316,18
1734655079.211949,18
1734655079.317885,18
1734655079.422481,18
1734655079.526679,19
1734655079.631433,19
1734655079.735787,19
1734655079.841687,19
1734655079.945882,19
1734655080.050781,20
1734655080.155252,20
1734655080.259289,20
1734655080.364559,20
1734655080.468935,20
1734655080.574580,20
1734655080.679727,19
1734655080.784061,18
1734655080.889401,12
1734655080.994331,12
1734655081.098972,12
1734655081.203175,13
1734655081.307748,13
1734655081.412270,13
1734655081.518097,13
1734655081.625070,13
1734655081.729634,14
1734655081.833804,14
1734655081.940358,14
1734655082.045313,15
1734655082.149805,15
1734655082.254366,15
1734655082.359339,16
1734655082.463850,16
1734655082.568435,16
1734655082.672272,16
1734655082.776458,17
1734655082.888052,17
1734655082.991704,16
1734655083.096574,17
1734655083.200974,19
1734655083.305030,18
1734655083.409926,19
1734655083.516280,19
1734655083.621672,19
1734655083.726418,19
1734655083.830820,20
1734655083.935632,20
1734655084.040874,20
1734655084.145345,20
1734655084.250517,19
1734655084.355008,20
1734655084.459437,19
1734655084.563881,20
1734655084.668580,20
1734655084.772544,19
1734655084.877689,18
1734655084.983767,14
1734655085.088102,11
1734655085.192271,11
1734655085.297037,11
1734655085.401050,11
1734655085.505107,11
1734655085.629440,12
1734655085.733877,15
1734655085.838433,15
1734655085.942531,15
1734655086.046771,15
1734655086.150913,16
1734655086.255686,15
1734655086.360147,15
1734655086.464849,15
1734655086.568856,16
1734655086.673142,16
1734655086.777993,16
1734655086.882987,16
1734655086.987201,17
1734655087.092262,18
1734655087.197060,18
1734655087.301634,18
1734655087.405826,18
1734655087.511268,18
1734655087.615775,19
1734655087.719562,19
1734655087.824897,18
1734655087.929900,19
1734655088.036350,19
1734655088.141214,19
1734655088.245238,20
1734655088.349298,19
1734655088.453306,20
1734655088.557569,19
1734655088.662357,20
1734655088.767489,19
1734655088.872786,19
1734655088.977527,19
1734655089.082677,18
1734655089.186646,17
1734655089.291921,18
1734655089.396554,16
1734655089.500548,11
1734655089.604810,12
1734655089.709052,13
1734655089.815056,13
1734655089.920678,13
1734655090.025418,13
1734655090.130378,14
1734655090.235108,14
1734655090.339336,14
1734655090.443300,15
1734655090.547995,15
1734655090.652331,15
1734655090.755994,15
1734655090.861963,16
1734655090.965770,16
1734655091.070255,16
1734655091.176472,15
1734655091.280472,16
1734655091.387405,17
1734655091.491425,18
1734655091.601100,17
1734655091.706120,17
1734655091.810618,19
1734655091.914829,19
1734655092.019690,19
1734655092.125321,19
1734655092.231428,18
1734655092.336024,19
1734655092.441005,19
1734655092.545014,19
1734655092.649353,19
1734655092.754798,20
1734655092.859079,20
1734655092.963763,20
1734655093.069125,20
1734655093.174983,20
1734655093.279984,19
1734655093.384632,20
1734655093.489893,17
1734655093.595620,16
1734655093.699509,11
1734655093.804575,12
1734655093.909577,12
1734655094.014776,12
1734655094.118948,13
1734655094.223313,13
1734655094.327331,13
1734655094.431448,12
1734655094.535932,14
1734655094.642028,14
1734655094.746465,14
1734655094.850691,15
1734655094.963255,15
1734655095.068374,15
1734655095.173185,16
1734655095.278376,16
1734655095.382980,16
1734655095.487062,17
1734655095.592718,16
1734655095.698478,17
1734655095.802499,17
1734655095.907673,18
1734655096.013019,19
1734655096.117462,18
1734655096.221426,19
1734655096.326458,19
1734655096.431380,19
1734655096.536416,19
1734655096.641165,20
1734655096.745412,20
1734655096.849952,20
1734655096.954844,19
1734655097.060016,20
1734655097.165225,20
1734655097.269817,20
1734655097.419375,18
1734655097.523516,19
1734655097.627486,19
1734655097.732003,17
1734655097.836417,12
1734655097.941608,11
1734655098.046216,11
1734655098.150805,12
1734655098.254867,12
1734655098.360033,13
1734655098.464336,13
1734655098.568737,13
1734655098.674767,13
1734655098.779608,13
1734655098.884769,14
1734655098.989783,14
1734655099.094011,14
1734655099.198983,15
1734655099.307384,15
1734655099.411961,15
1734655099.516751,16
1734655099.621760,16
1734655099.726275,16
1734655099.832393,16
1734655099.940801,17
1734655100.046487,17
1734655100.151617,17
1734655100.256770,17
1734655100.361383,18
1734655100.466052,18
1734655100.570474,17
1734655100.675501,19
1734655100.779874,19
1734655100.883691,19
1734655100.987466,20
1734655101.091995,20
1734655101.195928,20
1734655101.299963,20
1734655101.404613,20
1734655101.508861,20
1734655101.613011,19
1734655101.720556,20
1734655101.826685,20
1734655101.931489,19
1734655102.035483,18
1734655102.139744,13
1734655102.245105,11
1734655102.349778,10
1734655102.454990,11
1734655102.559624,13
1734655102.664286,11
1734655102.770599,11
1734655102.880984,12
1734655102.986172,13
1734655103.105085,13
1734655103.211159,15
1734655103.316313,16
1734655103.421977,15
1734655103.527142,16
1734655103.632930,15
1734655103.737617,16
1734655103.842219,15
1734655103.947814,16
1734655104.052492,16
1734655104.157341,16
1734655104.262172,18
1734655104.366127,17
1734655104.471074,18
1734655104.575323,18
1734655104.679965,18
1734655104.784241,19
1734655104.889228,19
1734655104.993795,19
1734655105.100009,19
1734655105.204237,20
1734655105.308254,19
1734655105.412601,20
1734655105.517337,20
1734655105.628265,19
1734655105.732967,19
1734655105.838508,20
1734655105.944715,19
1734655106.049122,20
1734655106.154485,19
1734655106.258658,18
1734655106.362760,17
1734655106.467224,11
1734655106.571631,12
1734655106.676446,12
1734655106.781537,12
1734655106.886333,12
1734655106.991338,13
1734655107.095964,13
1734655107.200609,13
1734655107.304530,14
1734655107.408834,14
1734655107.512755,14
1734655107.617095,14
1734655107.721644,15
1734655107.825848,15
1734655107.930586,15
1734655108.035267,16
1734655108.139257,16
1734655108.243479,16
1734655108.348977,16
1734655108.455236,17
1734655108.559246,17
1734655108.663548,17
1734655108.768893,19
1734655108.888136,17
1734655108.994001,19
1734655109.099159,19
1734655109.203981,19
1734655109.308858,19
1734655109.413309,20
1734655109.517611,18
1734655109.621857,17
1734655109.726823,19
1734655109.831016,19
1734655109.934980,19
1734655110.039523,19
1734655110.144243,20
1734655110.248370,20
1734655110.353008,20
1734655110.457405,20
1734655110.562668,20
1734655110.667367,19
1734655110.771814,20
1734655110.877165,20
1734655110.981874,20
1734655111.087083,19
1734655111.191685,19
1734655111.296074,17
1734655111.400291,12
1734655111.504305,12
1734655111.610320,12
1734655111.715609,13
1734655111.821373,13
1734655111.925251,13
1734655112.029783,13
1734655112.134055,14
1734655112.238340,14
1734655112.342609,15
1734655112.447302,15
1734655112.551443,15
1734655112.655671,15
1734655112.759825,16
1734655112.863961,16
1734655112.969847,16
1734655113.074131,16
1734655113.179035,16
1734655113.283238,16
1734655113.390768,17
1734655113.496488,17
1734655113.600895,17
1734655113.705613,18
1734655113.810449,19
1734655113.914969,19
1734655114.019337,19
1734655114.123785,18
1734655114.228232,20
1734655114.333194,20
1734655114.439231,20
1734655114.544396,20
1734655114.648644,20
1734655114.757602,20
1734655114.862504,20
1734655114.969163,20
1734655115.075928,20
1734655115.181461,20
1734655115.286286,20
1734655115.390442,20
1734655115.496016,19
1734655115.601012,20
1734655115.707746,20
1734655115.812435,20
1734655115.917970,19
1734655116.023169,17
1734655116.127172,11
1734655116.232399,11
1734655116.336711,11
1734655116.441031,12
1734655116.545728,11
1734655116.650625,12
1734655116.755303,14
1734655116.859861,14
1734655116.966165,14
1734655117.070976,15
1734655117.175995,15
1734655117.282091,15
1734655117.387682,15
1734655117.492468,16
1734655117.597224,16
1734655117.702226,16
1734655117.814913,16
1734655117.919785,17
1734655118.024467,16
1734655118.128398,17
1734655118.233094,17
1734655118.337785,17
1734655118.443432,17
1734655118.548018,18
1734655118.652409,17
1734655118.757597,18
1734655118.861578,18
1734655118.966114,19
1734655119.070494,19
1734655119.175386,19
1734655119.280737,19
1734655119.386093,19
1734655119.491148,18
1734655119.595656,19
1734655119.701537,19
1734655119.806845,20
1734655119.911398,20
1734655120.017923,19
1734655120.122127,17
1734655120.226906,10
1734655120.331790,11
1734655120.437017,12
1734655120.541028,12
1734655120.645121,12
1734655120.749362,13
1734655120.854138,13
1734655120.958688,13
1734655121.063247,13
1734655121.171760,14
1734655121.276499,15
1734655121.380927,15
1734655121.485516,16
1734655121.590129,16
1734655121.699773,15
1734655121.804306,17
1734655121.908775,17
1734655122.013128,16
1734655122.117089,16
1734655122.221347,17
1734655122.327334,17
1734655122.432148,17
1734655122.536596,17
1734655122.641073,17
1734655122.745082,18
1734655122.849656,17
1734655122.954079,17
1734655123.059218,18
1734655123.163967,18
1734655123.273560,20
1734655123.377564,20
1734655123.481952,19
1734655123.587161,20
1734655123.691935,20
1734655123.796892,20
1734655123.901602,19
1734655124.007410,20
1734655124.111910,20
1734655124.216101,20
1734655124.321058,18
1734655124.426860,14
1734655124.531495,11
1734655124.636616,11
1734655124.741490,11
1734655124.847942,12
1734655124.954585,12
1734655125.059242,13
1734655125.164462,12
1734655125.268847,14
1734655125.373675,13
1734655125.478746,13
1734655125.583311,15
1734655125.689205,14
1734655125.793833,15
1734655125.900488,15
1734655126.004354,16
1734655126.108732,16
1734655126.214469,16
1734655126.318674,16
1734655126.423884,16
1734655126.528391,17
1734655126.632252,18
1734655126.737407,18
1734655126.852801,18
1734655126.975194,17
1734655127.080628,20
1734655127.185534,20
1734655127.290596,19
1734655127.396665,19
1734655127.501398,19
1734655127.606376,19
1734655127.715506,20
1734655127.820004,19
1734655127.924350,18
1734655128.029148,20
1734655128.134598,19
1734655128.239528,18
1734655128.345993,20
1734655128.450729,19
1734655128.556448,20
1734655128.661440,20
1734655128.766667,20
1734655128.871125,20
1734655128.975461,20
1734655129.080980,20
1734655129.185867,20
1734655129.291678,20
1734655129.396970,20
1734655129.503019,20
1734655129.608526,20
1734655129.720023,19
1734655129.824868,18
1734655129.931350,12
1734655130.036435,6
1734655130.141983,6
1734655130.246193,7
1734655130.350900,8
1734655130.458400,8
1734655130.563835,8
1734655130.668437,9
1734655130.773459,10
1734655130.878331,9
1734655130.982563,10
1734655131.086771,11
1734655131.191052,10
1734655131.297451,11
1734655131.401390,13
1734655131.505543,12
1734655131.610658,12
1734655131.715137,12
1734655131.820365,13
1734655131.925579,13
1734655132.031191,13
1734655132.135342,13
1734655132.239341,13
1734655132.345914,14
1734655132.450086,15
1734655132.555308,17
1734655132.660426,15
1734655132.766204,17
