1734661306.070313,0
1734661306.176828,10
1734661306.282060,11
1734661306.386522,11
1734661306.491944,14
1734661306.595784,13
1734661306.699689,9
1734661306.803450,8
1734661306.908020,9
1734661307.012411,7
1734661307.115970,9
1734661307.221057,9
1734661307.325085,9
1734661307.430820,9
1734661307.535741,9
1734661307.640468,5
1734661307.744818,5
1734661307.849077,4
1734661307.953150,6
1734661308.058505,6
1734661308.163114,6
1734661308.269173,6
1734661308.373981,6
1734661308.478484,7
1734661308.585005,5
1734661308.690656,5
1734661308.795611,5
1734661308.900843,5
1734661309.005131,7
1734661309.111978,6
1734661309.215787,6
1734661309.319564,6
1734661309.423620,6
1734661309.529447,6
1734661309.634667,6
1734661309.739653,6
1734661309.844489,6
1734661309.949322,5
1734661310.053396,6
1734661310.158323,6
1734661310.264901,6
1734661310.369783,6
1734661310.475018,6
1734661310.579670,5
1734661310.687283,6
1734661310.791701,6
1734661310.898397,5
1734661311.003448,6
1734661311.109768,5
1734661311.215629,7
1734661311.320360,6
1734661311.423804,6
1734661311.528619,7
1734661311.634228,7
1734661311.739307,7
1734661311.843985,6
1734661311.948076,8
1734661312.052533,6
1734661312.157765,6
1734661312.262291,8
1734661312.367753,7
1734661312.472715,6
1734661312.579796,6
1734661312.696870,6
1734661312.800535,7
1734661312.905421,7
1734661313.012372,7
1734661313.118364,5
1734661313.223129,6
1734661313.327294,5
1734661313.434198,6
1734661313.538777,6
1734661313.643261,7
1734661313.747776,7
1734661313.851364,6
1734661313.955623,6
1734661314.059645,6
1734661314.164043,6
1734661314.269840,6
1734661314.376763,6
1734661314.480635,6
1734661314.585143,6
1734661314.691112,6
1734661314.796449,7
1734661314.901036,7
1734661315.005451,7
1734661315.109481,6
1734661315.215776,5
1734661315.321970,6
1734661315.426720,5
1734661315.531047,5
1734661315.635383,5
1734661315.739950,5
1734661315.846268,5
1734661315.951638,7
1734661316.056927,7
1734661316.161025,3
1734661316.266324,3
1734661316.370613,3
1734661316.475686,5
1734661316.580241,6
1734661316.686105,8
1734661316.790546,9
1734661316.894703,11
1734661316.998875,12
1734661317.103640,12
1734661317.208309,12
1734661317.312807,13
1734661317.418010,13
1734661317.522784,12
1734661317.627208,13
1734661317.732383,13
1734661317.837546,10
1734661317.954846,9
1734661318.061929,10
1734661318.167008,12
1734661318.272097,11
1734661318.376539,12
1734661318.481183,12
1734661318.586010,11
1734661318.694685,10
1734661318.799288,11
1734661318.904764,10
1734661319.008823,11
1734661319.113129,12
1734661319.217492,12
1734661319.322248,10
1734661319.426881,10
1734661319.531561,10
1734661319.637362,10
1734661319.742055,10
1734661319.846586,10
1734661319.951987,10
1734661320.057462,10
1734661320.168584,10
1734661320.273901,9
1734661320.381402,10
1734661320.485822,11
1734661320.590039,11
1734661320.694239,11
1734661320.800362,11
1734661320.905554,13
1734661321.010309,12
1734661321.115318,11
1734661321.220009,11
1734661321.325105,11
1734661321.429710,11
1734661321.534142,10
1734661321.641244,11
1734661321.745412,12
1734661321.849727,10
1734661321.954580,11
1734661322.059326,11
1734661322.164560,11
1734661322.270466,10
1734661322.374830,11
1734661322.479420,10
1734661322.584344,10
1734661322.688816,10
1734661322.792804,11
1734661322.899009,11
1734661323.004166,12
1734661323.109460,9
1734661323.214474,10
1734661323.319769,9
1734661323.426714,11
1734661323.533317,12
1734661323.638837,13
1734661323.743389,12
1734661323.848551,12
1734661323.955825,12
1734661324.061257,12
1734661324.166076,10
1734661324.271823,11
1734661324.376798,10
1734661324.481853,11
1734661324.587617,10
1734661324.693269,11
1734661324.798428,10
1734661324.904103,10
1734661325.009649,10
1734661325.113650,10
1734661325.219242,10
1734661325.325959,10
1734661325.430650,10
1734661325.535340,10
1734661325.641105,9
1734661325.746278,10
1734661325.851209,10
1734661325.956594,11
1734661326.061984,10
1734661326.166598,11
1734661326.271516,11
1734661326.376554,9
1734661326.481179,4
1734661326.585199,4
1734661326.690077,3
1734661326.794360,5
1734661326.899901,7
1734661327.005350,8
1734661327.109640,9
1734661327.214609,10
1734661327.320625,11
1734661327.425607,11
1734661327.530674,11
1734661327.635217,11
1734661327.739808,11
1734661327.843703,11
1734661327.948280,11
1734661328.053251,10
1734661328.158238,10
1734661328.262975,11
1734661328.368388,11
1734661328.474792,10
1734661328.579690,9
1734661328.685728,10
1734661328.790660,11
1734661328.895665,10
1734661328.999748,11
1734661329.105337,13
1734661329.211261,12
1734661329.315153,12
1734661329.420317,13
1734661329.524038,13
1734661329.628737,12
1734661329.733809,10
1734661329.838704,11
1734661329.946582,9
1734661330.051683,10
1734661330.156729,11
1734661330.261688,11
1734661330.365757,10
1734661330.472369,10
1734661330.577837,10
1734661330.682266,10
1734661330.786507,9
1734661330.890751,10
1734661330.995452,11
1734661331.100112,11
1734661331.203903,11
1734661331.309273,10
1734661331.414603,11
1734661331.518599,11
1734661331.622650,10
1734661331.727152,10
1734661331.832522,11
1734661331.939954,12
1734661332.044379,11
1734661332.149031,12
1734661332.254729,12
1734661332.359961,10
1734661332.464733,9
1734661332.568717,9
1734661332.673008,10
1734661332.778677,10
1734661332.883815,10
1734661332.989388,10
1734661333.094629,10
1734661333.200480,9
1734661333.305014,10
1734661333.409493,11
1734661333.514254,10
1734661333.619662,11
1734661333.724748,10
1734661333.828772,10
1734661333.935114,10
1734661334.038797,10
1734661334.144477,10
1734661334.249208,10
1734661334.353626,10
1734661334.459036,11
1734661334.563174,12
1734661334.674936,12
1734661334.779534,13
1734661334.883473,13
1734661334.988399,13
1734661335.092625,12
1734661335.199720,13
1734661335.304705,10
1734661335.410499,11
1734661335.515219,10
1734661335.620138,10
1734661335.727718,10
1734661335.834564,11
1734661335.942141,10
1734661336.046725,10
1734661336.151518,10
1734661336.255674,10
1734661336.360238,10
1734661336.464003,10
1734661336.569768,10
1734661336.674966,10
1734661336.780563,5
1734661336.890599,4
1734661336.996844,4
1734661337.102453,5
1734661337.207138,7
1734661337.313716,7
1734661337.418678,9
1734661337.523259,10
1734661337.627470,12
1734661337.731572,13
1734661337.836266,14
1734661337.941480,13
1734661338.047374,13
1734661338.152280,12
1734661338.255718,12
1734661338.360646,12
1734661338.464595,11
1734661338.569265,12
1734661338.673161,10
1734661338.777516,11
1734661338.881958,9
1734661338.986743,10
1734661339.092250,9
1734661339.196414,11
1734661339.303508,11
1734661339.407966,11
1734661339.514011,10
1734661339.618802,11
1734661339.722714,11
1734661339.826761,10
1734661339.930592,11
1734661340.036289,10
1734661340.141151,9
1734661340.246994,11
1734661340.351537,9
1734661340.455655,9
1734661340.559479,10
1734661340.663363,10
1734661340.768811,9
1734661340.875575,8
1734661340.980428,9
1734661341.085931,9
1734661341.190166,9
1734661341.294299,8
1734661341.398667,8
1734661341.504681,8
1734661341.610373,9
1734661341.715532,8
1734661341.820331,9
1734661341.924399,9
1734661342.029155,9
1734661342.134384,10
1734661342.238761,12
1734661342.343929,11
1734661342.448287,11
1734661342.552920,11
1734661342.659129,11
1734661342.764269,10
1734661342.867877,12
1734661342.972273,9
1734661343.077834,10
1734661343.182108,10
1734661343.286673,13
1734661343.390861,11
1734661343.494267,10
1734661343.598854,9
1734661343.703355,11
1734661343.808658,10
1734661343.913364,10
1734661344.017684,10
1734661344.121428,10
1734661344.226150,10
1734661344.331020,10
1734661344.435964,10
1734661344.539989,10
1734661344.643923,10
1734661344.752244,10
1734661344.855882,10
1734661344.961213,10
1734661345.065398,11
1734661345.169849,12
1734661345.274838,11
1734661345.378753,11
1734661345.482910,12
1734661345.586890,11
1734661345.691010,10
1734661345.798002,12
1734661345.902793,11
1734661346.007911,12
1734661346.111837,11
1734661346.216427,12
1734661346.320792,11
1734661346.425736,9
1734661346.529996,9
1734661346.634655,7
1734661346.738824,9
1734661346.843144,9
1734661346.946819,9
1734661347.051153,4
1734661347.156145,2
1734661347.261190,2
1734661347.367006,3
1734661347.472453,4
1734661347.577445,5
1734661347.683204,5
1734661347.789933,7
1734661347.894327,8
1734661347.999649,7
1734661348.105417,9
1734661348.209749,10
1734661348.314220,10
1734661348.419966,11
1734661348.526244,12
1734661348.630629,11
1734661348.735700,12
1734661348.841461,10
1734661348.946095,11
1734661349.050631,10
1734661349.155171,10
1734661349.268847,11
1734661349.373477,9
1734661349.478667,11
1734661349.584225,9
1734661349.688575,10
1734661349.801444,11
1734661349.906236,9
1734661350.010791,11
1734661350.115561,10
1734661350.219858,12
1734661350.326004,12
1734661350.430630,10
1734661350.535250,11
1734661350.638893,10
1734661350.743097,11
1734661350.847477,11
1734661350.951516,11
1734661351.055181,11
1734661351.158782,10
1734661351.263392,11
1734661351.383886,11
1734661351.488044,11
1734661351.591792,11
1734661351.695758,11
1734661351.799488,11
1734661351.904507,9
1734661352.009067,10
1734661352.112988,10
1734661352.216733,9
1734661352.321525,10
1734661352.426159,10
1734661352.530253,10
1734661352.634248,9
1734661352.739248,11
1734661352.844490,10
1734661352.948890,11
1734661353.052336,11
1734661353.155817,11
1734661353.261729,11
1734661353.366776,11
1734661353.471710,11
1734661353.578800,11
1734661353.682705,11
1734661353.787074,9
1734661353.891265,11
1734661353.996353,10
1734661354.100372,9
1734661354.204497,11
1734661354.309138,10
1734661354.414981,10
1734661354.519659,10
1734661354.623603,10
1734661354.727527,10
1734661354.832981,10
1734661354.939333,9
1734661355.043756,10
1734661355.148998,9
1734661355.253499,11
1734661355.357891,11
1734661355.463742,9
1734661355.568331,8
1734661355.672544,10
1734661355.776441,11
1734661355.880378,9
1734661355.984263,10
1734661356.088245,11
1734661356.214575,10
1734661356.319838,10
1734661356.424339,12
1734661356.529222,9
1734661356.633681,10
1734661356.737223,9
1734661356.841902,11
1734661356.946341,10
1734661357.050292,11
1734661357.154354,12
1734661357.257939,12
1734661357.362310,5
1734661357.466702,2
1734661357.577877,2
1734661357.683059,2
1734661357.787135,4
1734661357.894667,6
1734661357.998414,7
1734661358.102739,6
1734661358.206988,8
1734661358.312747,7
1734661358.417450,7
1734661358.522200,8
1734661358.627050,8
1734661358.731572,9
1734661358.836387,9
1734661358.940760,9
1734661359.045472,9
1734661359.150163,9
1734661359.254750,9
1734661359.358724,9
1734661359.462931,9
1734661359.566577,9
1734661359.671491,9
1734661359.776790,9
1734661359.881156,9
1734661359.985431,10
1734661360.089781,10
1734661360.193451,9
1734661360.299234,9
1734661360.403467,9
1734661360.507833,11
1734661360.613277,9
1734661360.718523,8
1734661360.823176,9
1734661360.928373,10
1734661361.033267,10
1734661361.139822,10
1734661361.243909,10
1734661361.348281,10
1734661361.452782,11
1734661361.557752,11
1734661361.662862,11
1734661361.766897,11
1734661361.871477,11
1734661361.976448,11
1734661362.081673,9
1734661362.186674,10
1734661362.291829,11
1734661362.395763,11
1734661362.500436,10
1734661362.610677,9
1734661362.716340,9
1734661362.820714,10
1734661362.925482,10
1734661363.029403,9
1734661363.133557,8
1734661363.237405,9
1734661363.342675,8
1734661363.448867,9
1734661363.553299,10
1734661363.658718,9
1734661363.762706,10
1734661363.867090,10
1734661363.971803,10
1734661364.076677,10
1734661364.181666,8
1734661364.286305,11
1734661364.390273,9
1734661364.494289,9
1734661364.599263,9
1734661364.704424,8
1734661364.808714,8
1734661364.912555,10
1734661365.016417,9
1734661365.120298,9
1734661365.227721,8
1734661365.332473,9
1734661365.437396,8
1734661365.542298,10
1734661365.646780,9
1734661365.752381,9
1734661365.858718,10
1734661365.963487,10
1734661366.068880,9
1734661366.175419,9
1734661366.280679,10
1734661366.385011,10
1734661366.490011,10
1734661366.595778,8
1734661366.699612,10
1734661366.804451,10
1734661366.910129,8
1734661367.015189,10
1734661367.120051,9
1734661367.226661,8
1734661367.331471,9
1734661367.436558,8
1734661367.540289,9
1734661367.643976,7
1734661367.748751,2
1734661367.853598,3
1734661367.958918,2
1734661368.063389,4
1734661368.168330,5
1734661368.273173,7
1734661368.379189,5
1734661368.483195,5
1734661368.588986,5
1734661368.694282,4
1734661368.798610,6
1734661368.907157,8
1734661369.011259,9
1734661369.117792,10
1734661369.223051,10
1734661369.328345,11
1734661369.433194,11
1734661369.537678,10
1734661369.642572,11
1734661369.752671,11
1734661369.857131,10
1734661369.962465,12
1734661370.067837,9
1734661370.171611,10
1734661370.276587,9
1734661370.381352,9
1734661370.487900,9
1734661370.593013,9
1734661370.698463,9
1734661370.803043,9
1734661370.907555,9
1734661371.013689,8
1734661371.118879,9
1734661371.223225,9
1734661371.327668,9
1734661371.432055,10
1734661371.536865,9
1734661371.641339,10
1734661371.746028,9
1734661371.852486,10
1734661371.957505,10
1734661372.061978,8
1734661372.167414,10
1734661372.272930,9
1734661372.378495,9
1734661372.483749,8
1734661372.588721,9
1734661372.694015,8
1734661372.798381,9
1734661372.904518,9
1734661373.009192,9
1734661373.113655,8
1734661373.231845,8
1734661373.337051,10
1734661373.441564,9
1734661373.565926,10
1734661373.670091,9
1734661373.775065,9
1734661373.879648,9
1734661373.985143,9
1734661374.090253,8
1734661374.196410,9
1734661374.301454,9
1734661374.406134,8
1734661374.510575,9
1734661374.615348,9
1734661374.721246,11
1734661374.825649,8
1734661374.930079,9
1734661375.034163,10
1734661375.138901,10
1734661375.243346,9
1734661375.349215,8
1734661375.453728,9
1734661375.558340,9
1734661375.663622,8
1734661375.768742,9
1734661375.873370,10
1734661375.977579,8
1734661376.082829,10
1734661376.186727,9
1734661376.291020,10
1734661376.396433,9
1734661376.501070,10
1734661376.606882,10
1734661376.712702,8
1734661376.817816,8
1734661376.922566,8
1734661377.027114,8
1734661377.132977,7
1734661377.237779,9
1734661377.342480,9
1734661377.447398,9
1734661377.551338,9
1734661377.655802,9
1734661377.761017,9
1734661377.865651,9
1734661377.970149,5
1734661378.075322,1
1734661378.179708,2
1734661378.286099,3
1734661378.391286,4
1734661378.497080,6
1734661378.601966,7
1734661378.721958,7
1734661378.826489,9
1734661378.931503,7
1734661379.035424,9
1734661379.140464,9
1734661379.244593,8
1734661379.349124,10
1734661379.454521,10
1734661379.559835,9
1734661379.666147,11
1734661379.770678,9
1734661379.874905,10
1734661379.979246,10
1734661380.084224,10
1734661380.189300,9
1734661380.293234,10
1734661380.397671,9
1734661380.501797,10
1734661380.606105,10
1734661380.710381,9
1734661380.814339,9
1734661380.919775,12
1734661381.024616,10
1734661381.130105,10
1734661381.234990,10
1734661381.341342,11
1734661381.445940,10
1734661381.552130,10
1734661381.657804,10
1734661381.763839,8
1734661381.868715,8
1734661381.974174,8
1734661382.079102,10
1734661382.187467,8
1734661382.291759,9
1734661382.396300,8
1734661382.501170,9
1734661382.606582,8
1734661382.711979,9
1734661382.817106,9
1734661382.921515,8
1734661383.025501,9
1734661383.129767,8
1734661383.233739,9
1734661383.337945,9
1734661383.442647,9
1734661383.548916,9
1734661383.653711,8
1734661383.758602,9
1734661383.863193,9
1734661383.967085,10
1734661384.072063,10
1734661384.176769,12
1734661384.281237,12
1734661384.385405,10
1734661384.491198,11
1734661384.595498,11
1734661384.700680,9
1734661384.805141,11
1734661384.910086,10
1734661385.014762,11
1734661385.119407,11
1734661385.223675,10
1734661385.328060,10
1734661385.433188,10
1734661385.538214,10
1734661385.642390,10
1734661385.747090,9
1734661385.852217,10
1734661385.957387,9
1734661386.071034,11
1734661386.175506,10
1734661386.280817,10
1734661386.385695,9
1734661386.490671,11
1734661386.594812,10
1734661386.699644,11
1734661386.804720,11
1734661386.909659,10
1734661387.016130,10
1734661387.119966,9
1734661387.225124,9
1734661387.329890,9
1734661387.435544,8
1734661387.541128,9
1734661387.646179,8
1734661387.750701,9
1734661387.855009,9
1734661387.959726,9
1734661388.063821,8
1734661388.169858,9
1734661388.274950,5
1734661388.380299,2
1734661388.485963,2
1734661388.590254,3
1734661388.694732,4
1734661388.799554,5
1734661388.904552,4
1734661389.008724,5
1734661389.113951,8
1734661389.218533,7
1734661389.323222,8
1734661389.428720,7
1734661389.533172,9
1734661389.637841,9
1734661389.742675,11
1734661389.847260,9
1734661389.952297,11
1734661390.057836,10
1734661390.163969,8
1734661390.268433,9
1734661390.373911,8
1734661390.477793,9
1734661390.582364,9
1734661390.687451,9
1734661390.793048,9
1734661390.897208,9
1734661391.001907,9
1734661391.107060,8
1734661391.212270,10
1734661391.318297,8
1734661391.423697,9
1734661391.528425,8
1734661391.632484,9
1734661391.736956,7
1734661391.842380,9
1734661391.947419,10
1734661392.052525,10
1734661392.156512,9
1734661392.261852,10
1734661392.366681,10
1734661392.471068,10
1734661392.577250,9
1734661392.681257,10
1734661392.786170,9
1734661392.891454,10
1734661393.013586,10
1734661393.119343,8
1734661393.223993,9
1734661393.329131,9
1734661393.433626,10
1734661393.538404,9
1734661393.642734,8
1734661393.748720,9
1734661393.854768,8
1734661393.959339,9
1734661394.064378,9
1734661394.168931,9
1734661394.273822,8
1734661394.378939,9
1734661394.484075,9
1734661394.595747,10
1734661394.701475,9
1734661394.805980,10
1734661394.910464,10
1734661395.015418,9
1734661395.120843,9
1734661395.225320,10
1734661395.346077,8
1734661395.451041,9
1734661395.555731,10
1734661395.659567,10
1734661395.764429,8
1734661395.869545,10
1734661395.973733,9
1734661396.077878,9
1734661396.182300,9
1734661396.288275,9
1734661396.394719,8
1734661396.502163,8
1734661396.606802,9
1734661396.713192,10
1734661396.818130,9
1734661396.922206,8
1734661397.027894,9
1734661397.132442,10
1734661397.236913,10
1734661397.341844,9
1734661397.446802,10
1734661397.551286,9
1734661397.655464,9
1734661397.759702,10
1734661397.864505,10
1734661397.968668,8
1734661398.073165,9
1734661398.177488,9
1734661398.281725,10
1734661398.389006,8
1734661398.493818,9
1734661398.598744,3
1734661398.703615,2
1734661398.807986,3
1734661398.912491,4
1734661399.018516,6
1734661399.123163,8
1734661399.228065,6
1734661399.333121,7
1734661399.438223,6
1734661399.542833,6
1734661399.653873,8
1734661399.758744,6
1734661399.862746,8
1734661399.967590,9
1734661400.071802,7
1734661400.177107,9
1734661400.281790,8
1734661400.386555,8
1734661400.491874,9
1734661400.597445,8
1734661400.702142,10
1734661400.808084,11
1734661400.913122,11
1734661401.017617,11
1734661401.122404,11
1734661401.227272,12
1734661401.331645,10
1734661401.436812,10
1734661401.541488,9
1734661401.646679,10
1734661401.760867,9
1734661401.865707,9
1734661401.970739,9
1734661402.076364,10
1734661402.181232,10
1734661402.286709,10
1734661402.391228,11
1734661402.496402,10
1734661402.601122,10
1734661402.708518,11
1734661402.813543,12
1734661402.920798,12
1734661403.025945,10
1734661403.130665,11
1734661403.234831,10
1734661403.340482,11
1734661403.446020,9
1734661403.550588,10
1734661403.656073,10
1734661403.764563,8
1734661403.870998,9
1734661403.975675,9
1734661404.080665,9
1734661404.185179,8
1734661404.289434,8
1734661404.394281,9
1734661404.499628,9
1734661404.604538,9
1734661404.708954,8
1734661404.814507,9
1734661404.919230,9
1734661405.023522,9
1734661405.128548,10
1734661405.234101,9
1734661405.338316,11
1734661405.444059,11
1734661405.548455,10
1734661405.652951,11
1734661405.757453,11
1734661405.861896,11
1734661405.966409,12
1734661406.070630,9
1734661406.176467,10
1734661406.280822,13
1734661406.385620,12
1734661406.489985,12
1734661406.596157,10
1734661406.700498,11
1734661406.805627,10
1734661406.911536,10
1734661407.015971,9
1734661407.121401,10
1734661407.225720,11
1734661407.330886,9
1734661407.434846,9
1734661407.540000,9
1734661407.644972,9
1734661407.750065,9
1734661407.855247,10
1734661407.960359,10
1734661408.064331,9
1734661408.169650,10
1734661408.274678,9
1734661408.380634,10
1734661408.485406,9
1734661408.589929,8
1734661408.694106,11
1734661408.798813,8
1734661408.902862,4
1734661409.008296,2
1734661409.117445,4
1734661409.221821,6
1734661409.326746,7
1734661409.434994,6
1734661409.539945,7
1734661409.645464,8
1734661409.750046,7
1734661409.854843,9
1734661409.959402,9
1734661410.063297,8
1734661410.173107,10
1734661410.277110,9
1734661410.382784,11
1734661410.486997,10
1734661410.592040,10
1734661410.695793,10
1734661410.807081,11
1734661410.912400,11
1734661411.017252,11
1734661411.121665,10
1734661411.225896,11
1734661411.330214,11
1734661411.437594,12
1734661411.542086,10
1734661411.649559,10
1734661411.754077,9
1734661411.858696,12
1734661411.963369,12
1734661412.069734,10
1734661412.186073,9
1734661412.290536,10
1734661412.394473,9
1734661412.499008,8
1734661412.602956,8
1734661412.707941,9
1734661412.812119,9
1734661412.917632,10
1734661413.022476,10
1734661413.126389,10
1734661413.231217,11
1734661413.336537,11
1734661413.442210,11
1734661413.546800,11
1734661413.652220,11
1734661413.756727,11
1734661413.861178,11
1734661413.966101,11
1734661414.070953,12
1734661414.174897,11
1734661414.279475,10
1734661414.384273,9
1734661414.489838,11
1734661414.595055,9
1734661414.702360,10
1734661414.807258,9
1734661414.912370,10
1734661415.017025,10
1734661415.121652,9
1734661415.227131,10
1734661415.331430,10
1734661415.436807,10
1734661415.540918,9
1734661415.646686,9
1734661415.751488,9
1734661415.856690,10
1734661415.962653,10
1734661416.067079,11
1734661416.174055,11
1734661416.278920,11
1734661416.382929,11
1734661416.488863,12
1734661416.594812,11
1734661416.698889,11
1734661416.803388,12
1734661416.908830,12
1734661417.013462,11
1734661417.118922,11
1734661417.225854,9
1734661417.332358,11
1734661417.438877,11
1734661417.555891,10
1734661417.660358,10
1734661417.766184,11
1734661417.872086,11
1734661417.976886,10
1734661418.082107,10
1734661418.188345,10
1734661418.292645,9
1734661418.397474,11
1734661418.501459,11
1734661418.605395,11
1734661418.709749,10
1734661418.813991,11
1734661418.918391,11
1734661419.023498,12
1734661419.127593,10
1734661419.232098,4
1734661419.336315,3
1734661419.440456,3
1734661419.546527,4
1734661419.650845,7
1734661419.755946,5
1734661419.860542,6
1734661419.965482,8
1734661420.070996,6
1734661420.176098,8
1734661420.281586,7
1734661420.385694,8
1734661420.490492,9
1734661420.594271,9
1734661420.698210,8
1734661420.802198,9
1734661420.906151,9
1734661421.010998,8
1734661421.117573,10
1734661421.222121,9
1734661421.326611,10
1734661421.432317,10
1734661421.536246,10
1734661421.640315,9
1734661421.744882,9
1734661421.848748,11
1734661421.953171,10
1734661422.058267,10
1734661422.163158,9
1734661422.267697,11
1734661422.372876,10
1734661422.477860,9
1734661422.582609,10
1734661422.687124,8
1734661422.791316,9
1734661422.895833,8
1734661423.000727,10
1734661423.109992,8
1734661423.222979,9
1734661423.327134,10
1734661423.431091,9
1734661423.535397,8
1734661423.641167,9
1734661423.744840,8
1734661423.851052,11
1734661423.955800,9
1734661424.062208,10
1734661424.166483,10
1734661424.271036,8
1734661424.374942,10
1734661424.480027,9
1734661424.584777,10
1734661424.688294,9
1734661424.792500,10
1734661424.897523,10
1734661425.002713,8
1734661425.108258,9
1734661425.212503,8
1734661425.316835,8
1734661425.420906,8
1734661425.524916,9
1734661425.629701,9
1734661425.734736,8
1734661425.840584,11
1734661425.944406,9
1734661426.048429,9
1734661426.152186,8
1734661426.256650,9
1734661426.363475,8
1734661426.468109,9
1734661426.573189,8
1734661426.677473,9
1734661426.783631,9
1734661426.888518,9
1734661426.994796,10
1734661427.099844,10
1734661427.205534,10
1734661427.310326,10
1734661427.415430,10
1734661427.519821,9
1734661427.623744,10
1734661427.729581,9
1734661427.834051,11
1734661427.938022,8
1734661428.042052,9
1734661428.148025,9
1734661428.251752,9
1734661428.356054,10
1734661428.460307,10
1734661428.564793,9
1734661428.671204,9
1734661428.776586,8
1734661428.880662,10
1734661428.985610,8
1734661429.091952,9
1734661429.196103,9
1734661429.301659,8
1734661429.407622,8
1734661429.512401,4
1734661429.617415,2
1734661429.722315,2
1734661429.827268,4
1734661429.933475,4
1734661430.038441,6
1734661430.142712,8
1734661430.247059,6
1734661430.351371,6
1734661430.455757,8
1734661430.560536,7
1734661430.665116,7
1734661430.769630,9
1734661430.875401,7
1734661430.980077,9
1734661431.085220,9
1734661431.190463,9
1734661431.295061,10
1734661431.399969,10
1734661431.503943,10
1734661431.608950,9
1734661431.713818,10
1734661431.818766,11
1734661431.924272,10
1734661432.029252,10
1734661432.133134,11
1734661432.237451,11
1734661432.342560,10
1734661432.446755,11
1734661432.552819,10
1734661432.657511,10
1734661432.762604,10
1734661432.867142,11
1734661432.972284,10
1734661433.076875,11
1734661433.181039,10
1734661433.285255,11
1734661433.389852,11
1734661433.494228,10
1734661433.598661,10
1734661433.703386,8
1734661433.807601,9
1734661433.916396,8
1734661434.021270,9
1734661434.138277,10
1734661434.243570,9
1734661434.349371,10
1734661434.455253,10
1734661434.560292,8
1734661434.664644,11
1734661434.770128,8
1734661434.874405,8
1734661434.979750,10
1734661435.084887,9
1734661435.190212,10
1734661435.295282,11
1734661435.400442,11
1734661435.505102,11
1734661435.610344,10
1734661435.714891,12
1734661435.819191,11
1734661435.923446,11
1734661436.027396,11
1734661436.131978,12
1734661436.237966,11
1734661436.342410,10
1734661436.450666,10
1734661436.554752,10
1734661436.660886,9
1734661436.765594,11
1734661436.870985,10
1734661436.975564,8
1734661437.079697,9
1734661437.185315,9
1734661437.290202,9
1734661437.395561,8
1734661437.500502,8
1734661437.605272,8
1734661437.709474,9
1734661437.814620,9
1734661437.919298,9
1734661438.023655,10
1734661438.128668,10
1734661438.232870,9
1734661438.337681,11
1734661438.443073,8
1734661438.547266,9
1734661438.652517,12
1734661438.758009,10
1734661438.862627,9
1734661438.966726,12
1734661439.071422,9
1734661439.176261,10
1734661439.281718,11
1734661439.386652,10
1734661439.490492,11
1734661439.595650,11
1734661439.699682,11
1734661439.803476,8
1734661439.908123,2
1734661440.012726,2
1734661440.117189,3
1734661440.221840,3
1734661440.328128,4
1734661440.432820,8
1734661440.538163,6
1734661440.643993,6
1734661440.748401,5
1734661440.852543,6
1734661440.957654,9
1734661441.061826,9
1734661441.168658,9
1734661441.272785,13
1734661441.377551,10
1734661441.481895,10
1734661441.586862,12
1734661441.691365,11
1734661441.796452,10
1734661441.901248,10
1734661442.010315,12
1734661442.115447,11
1734661442.223280,9
1734661442.327253,12
1734661442.431860,10
1734661442.536087,11
1734661442.639919,11
1734661442.744390,12
1734661442.849554,10
1734661442.954458,10
1734661443.058653,11
1734661443.163061,10
1734661443.267412,10
1734661443.371204,10
1734661443.476338,11
1734661443.580611,10
1734661443.694239,10
1734661443.797978,11
1734661443.902606,11
1734661444.009192,11
1734661444.114441,11
1734661444.219452,10
1734661444.324818,11
1734661444.429600,11
1734661444.534717,10
1734661444.638684,10
1734661444.743273,11
1734661444.849108,11
1734661444.953650,11
1734661445.058180,11
1734661445.163318,11
1734661445.268322,11
1734661445.373329,10
1734661445.477935,9
1734661445.583834,10
1734661445.688262,10
1734661445.793382,9
1734661445.898686,8
1734661446.003832,9
1734661446.111638,8
1734661446.231852,10
1734661446.336446,11
1734661446.440928,11
1734661446.546431,10
1734661446.651958,11
1734661446.757136,11
1734661446.861228,10
1734661446.967988,11
1734661447.072454,11
1734661447.176945,10
1734661447.282507,11
1734661447.386845,12
1734661447.490762,11
1734661447.595238,10
1734661447.700498,12
1734661447.804883,11
1734661447.909084,11
1734661448.013935,10
1734661448.118829,10
1734661448.224587,11
1734661448.328876,10
1734661448.433182,10
1734661448.537597,10
1734661448.642427,10
1734661448.748341,10
1734661448.852753,10
1734661448.957108,11
1734661449.061446,10
1734661449.168007,11
1734661449.272125,11
1734661449.376661,11
1734661449.481218,11
1734661449.585563,12
1734661449.689998,10
1734661449.794868,11
1734661449.900273,10
1734661450.005338,12
1734661450.109663,11
1734661450.214526,3
1734661450.319354,2
1734661450.424317,2
1734661450.528548,7
1734661450.633263,8
1734661450.737679,9
1734661450.842656,10
1734661450.947073,9
1734661451.052705,11
1734661451.157398,11
1734661451.262508,10
1734661451.367672,10
1734661451.473225,10
1734661451.576835,10
1734661451.681598,10
1734661451.786009,11
1734661451.890485,11
1734661451.994757,10
1734661452.100437,11
1734661452.204804,11
1734661452.310573,9
1734661452.415274,9
1734661452.520837,9
1734661452.625790,10
1734661452.730380,9
1734661452.834695,10
1734661452.939504,9
1734661453.044089,9
1734661453.148612,10
1734661453.253049,9
1734661453.357778,10
1734661453.462761,10
1734661453.567648,10
1734661453.671670,9
1734661453.776119,10
1734661453.880922,10
1734661453.987407,10
1734661454.092855,11
1734661454.197943,10
1734661454.309167,10
1734661454.413376,11
1734661454.518245,10
1734661454.622294,11
1734661454.727468,10
1734661454.831482,11
1734661454.937690,11
1734661455.041584,11
1734661455.145973,11
1734661455.249956,10
1734661455.353881,11
1734661455.459439,11
1734661455.564022,10
1734661455.668409,11
1734661455.772612,11
1734661455.886585,11
1734661455.990915,11
1734661456.094797,12
1734661456.199228,12
1734661456.304058,11
1734661456.409251,11
1734661456.513632,11
1734661456.619203,11
1734661456.723346,9
1734661456.827421,9
1734661456.931499,10
1734661457.035609,9
1734661457.140700,10
1734661457.244781,10
1734661457.348735,10
1734661457.452725,12
1734661457.557236,11
1734661457.661197,11
1734661457.765203,11
1734661457.869685,10
1734661457.974675,11
1734661458.078552,12
1734661458.182303,12
1734661458.286859,10
1734661458.392149,12
1734661458.496922,11
1734661458.601874,11
1734661458.706605,12
1734661458.811087,10
1734661458.916837,10
1734661459.021423,11
1734661459.127544,11
1734661459.231945,11
1734661459.336889,10
1734661459.441456,11
1734661459.547089,11
1734661459.653531,9
1734661459.758045,10
1734661459.863178,10
1734661459.967923,10
1734661460.073203,10
1734661460.177965,9
1734661460.282408,9
1734661460.386369,10
1734661460.490875,6
1734661460.596371,3
1734661460.700733,3
1734661460.806113,4
1734661460.910717,7
1734661461.015069,6
1734661461.119846,6
1734661461.225085,6
1734661461.329346,5
1734661461.433208,7
1734661461.538223,7
1734661461.642195,8
1734661461.746484,9
1734661461.851702,8
1734661461.956550,8
1734661462.060522,10
1734661462.164616,9
1734661462.268651,9
1734661462.374648,9
1734661462.479316,9
1734661462.584440,9
1734661462.688358,9
1734661462.792394,8
1734661462.896781,10
1734661463.001683,9
1734661463.106436,10
1734661463.211021,10
1734661463.315697,11
1734661463.420615,10
1734661463.527260,12
1734661463.632164,10
1734661463.735897,10
1734661463.840400,9
1734661463.944506,8
1734661464.050123,8
1734661464.154991,9
1734661464.259439,9
1734661464.365724,9
1734661464.470343,8
1734661464.576895,8
1734661464.681713,8
1734661464.786410,9
1734661464.890998,8
1734661464.995771,10
1734661465.100077,9
1734661465.204357,9
1734661465.308178,10
1734661465.412908,8
1734661465.517657,9
1734661465.622839,9
1734661465.731481,10
1734661465.836769,11
1734661465.941834,9
1734661466.047390,7
1734661466.151333,9
1734661466.256047,8
1734661466.360751,9
1734661466.465768,8
1734661466.569781,9
1734661466.675958,9
1734661466.780537,9
1734661466.886074,10
1734661466.990665,10
1734661467.094955,9
1734661467.199597,9
1734661467.305469,10
1734661467.410785,9
1734661467.515682,9
1734661467.619573,9
1734661467.724816,8
1734661467.829698,8
1734661467.934753,9
1734661468.039628,9
1734661468.144507,8
1734661468.249327,8
1734661468.353261,7
1734661468.459025,9
1734661468.565010,7
1734661468.669494,8
1734661468.774602,9
1734661468.881487,7
1734661468.986829,9
1734661469.091363,8
1734661469.196424,9
1734661469.301593,9
1734661469.408744,10
1734661469.514054,9
1734661469.618455,10
1734661469.723253,9
1734661469.827736,8
1734661469.932332,9
1734661470.039503,8
1734661470.144637,10
1734661470.249306,6
1734661470.354295,8
1734661470.459060,8
1734661470.563658,9
1734661470.667705,9
1734661470.772507,7
1734661470.877315,3
1734661470.981826,2
1734661471.086561,2
1734661471.190773,3
1734661471.295079,6
1734661471.399465,5
1734661471.504115,6
1734661471.608750,7
1734661471.713703,6
1734661471.818930,8
1734661471.924819,9
1734661472.029315,8
1734661472.134349,9
1734661472.238824,9
1734661472.358136,8
1734661472.462585,10
1734661472.567320,10
1734661472.688579,9
1734661472.793298,10
1734661472.897972,8
1734661473.004627,10
1734661473.109642,8
1734661473.214003,8
1734661473.319398,10
1734661473.423661,10
1734661473.528965,9
1734661473.633121,9
1734661473.737921,11
1734661473.842285,11
1734661473.946649,9
1734661474.052115,7
1734661474.156883,8
1734661474.265738,7
1734661474.371707,8
1734661474.476791,9
1734661474.581914,7
1734661474.686187,9
1734661474.790419,8
1734661474.895110,9
1734661475.000331,8
1734661475.104868,8
1734661475.209591,9
1734661475.314745,9
1734661475.419741,7
1734661475.524014,9
1734661475.630024,10
1734661475.734322,8
1734661475.838834,8
1734661475.947540,8
1734661476.051507,9
1734661476.155137,9
1734661476.259257,9
1734661476.364703,8
1734661476.469177,10
1734661476.573205,9
1734661476.677597,9
1734661476.782318,10
1734661476.885698,10
1734661476.990086,8
1734661477.093831,9
1734661477.199139,8
1734661477.304114,10
1734661477.408951,9
1734661477.513336,10
1734661477.617698,9
1734661477.722075,9
1734661477.826405,9
1734661477.930496,10
1734661478.038121,9
1734661478.142346,10
1734661478.247362,9
1734661478.353302,7
1734661478.461179,9
1734661478.566271,8
1734661478.670686,8
1734661478.775136,9
1734661478.880461,10
1734661478.985468,10
1734661479.089951,8
1734661479.195047,9
1734661479.299368,11
1734661479.404696,9
1734661479.509974,10
1734661479.614118,8
1734661479.718137,8
1734661479.822918,8
1734661479.926551,8
1734661480.031759,9
1734661480.136419,8
1734661480.241275,8
1734661480.347558,9
1734661480.452949,9
1734661480.560124,9
1734661480.664982,9
1734661480.770035,9
1734661480.874725,9
1734661480.978441,8
1734661481.082263,9
1734661481.188789,3
1734661481.292518,2
1734661481.397338,2
1734661481.501127,3
1734661481.605335,3
1734661481.709913,5
1734661481.814610,7
1734661481.920049,6
1734661482.028798,8
1734661482.132554,8
1734661482.237110,7
1734661482.341754,11
1734661482.445521,8
1734661482.550320,10
1734661482.655550,10
1734661482.759217,10
1734661482.865767,8
1734661482.969839,9
1734661483.074552,9
1734661483.179372,9
1734661483.283451,10
1734661483.387248,10
1734661483.508804,9
1734661483.613421,11
1734661483.716854,10
1734661483.821089,10
1734661483.925210,8
1734661484.030109,9
1734661484.134184,10
1734661484.237880,11
1734661484.342370,9
1734661484.447690,9
1734661484.552010,9
1734661484.659142,9
1734661484.764448,10
1734661484.868813,10
1734661484.974975,9
1734661485.082111,10
1734661485.186999,8
1734661485.293072,9
1734661485.399779,8
1734661485.504623,9
1734661485.608538,9
1734661485.712460,9
1734661485.816946,9
1734661485.920670,8
1734661486.026884,9
1734661486.130643,8
1734661486.234885,9
1734661486.340231,8
1734661486.444416,9
1734661486.548690,9
1734661486.653720,9
1734661486.758285,8
1734661486.862950,8
1734661486.967905,8
1734661487.072378,9
1734661487.176040,9
1734661487.279803,8
1734661487.383786,8
1734661487.488722,9
1734661487.593272,9
1734661487.697234,11
1734661487.802182,9
1734661487.906556,10
1734661488.012324,10
1734661488.116456,9
1734661488.220335,9
1734661488.325150,9
1734661488.430048,11
1734661488.534617,9
1734661488.639236,8
1734661488.744458,9
1734661488.863873,9
1734661488.968982,10
1734661489.073564,10
1734661489.183431,9
1734661489.287798,9
1734661489.391880,8
1734661489.496436,10
1734661489.601056,8
1734661489.705990,8
1734661489.809930,8
1734661489.914555,10
1734661490.018922,9
1734661490.123300,9
1734661490.227373,11
1734661490.331418,9
1734661490.436186,10
1734661490.540432,8
1734661490.644318,9
1734661490.748932,9
1734661490.853833,10
1734661490.959230,11
1734661491.063348,9
1734661491.167902,9
1734661491.271796,8
1734661491.376022,8
1734661491.480077,3
1734661491.587043,2
1734661491.691577,2
1734661491.797225,4
1734661491.900805,4
1734661492.005960,8
1734661492.112340,7
1734661492.216596,6
1734661492.320512,9
1734661492.425076,8
1734661492.529891,8
1734661492.635649,10
1734661492.743727,9
1734661492.848736,10
1734661492.953911,10
1734661493.059199,10
1734661493.163570,11
1734661493.271585,11
1734661493.375720,11
1734661493.479347,11
1734661493.583895,12
1734661493.688788,11
1734661493.793900,10
1734661493.897989,11
1734661494.003162,10
1734661494.107867,11
1734661494.212430,10
1734661494.317147,10
1734661494.422680,10
1734661494.527037,12
1734661494.631971,11
1734661494.752285,9
1734661494.857190,10
1734661494.962531,9
1734661495.067303,9
1734661495.173134,9
1734661495.276911,10
1734661495.381246,10
1734661495.485492,9
1734661495.592126,11
1734661495.696944,11
1734661495.801661,11
1734661495.906121,11
1734661496.010351,12
1734661496.116544,11
1734661496.222093,10
1734661496.328998,9
1734661496.434289,12
1734661496.540715,11
1734661496.645343,10
1734661496.749839,9
1734661496.854048,8
1734661496.958922,9
1734661497.063175,8
1734661497.167461,10
1734661497.273117,8
1734661497.378234,9
1734661497.483352,9
1734661497.588469,9
1734661497.693621,8
1734661497.798765,9
1734661497.902686,9
1734661498.007482,10
1734661498.112003,9
1734661498.216767,8
1734661498.324878,9
1734661498.428979,10
1734661498.533502,12
1734661498.638762,11
1734661498.743445,11
1734661498.847918,11
1734661498.953373,11
1734661499.058470,11
1734661499.163215,11
1734661499.267827,11
1734661499.372341,12
1734661499.476595,9
1734661499.581215,11
1734661499.686210,11
1734661499.790976,10
1734661499.895252,10
1734661500.002173,11
1734661500.117332,10
1734661500.221431,11
1734661500.326771,11
1734661500.431164,11
1734661500.536080,10
1734661500.641586,10
1734661500.745898,10
1734661500.849847,11
1734661500.956001,11
1734661501.063726,11
1734661501.168744,10
1734661501.273575,10
1734661501.379009,10
1734661501.483397,11
1734661501.587420,11
1734661501.691922,9
1734661501.795675,3
1734661501.900492,3
1734661502.005149,1
1734661502.109548,4
1734661502.213059,7
1734661502.317182,6
1734661502.423576,6
1734661502.528066,8
1734661502.632583,7
1734661502.737100,9
1734661502.840959,8
1734661502.945513,9
1734661503.050586,9
1734661503.154581,9
1734661503.260101,8
1734661503.364806,9
1734661503.479928,9
1734661503.583883,9
1734661503.688838,9
1734661503.793714,10
1734661503.898104,10
1734661504.002954,10
1734661504.107004,10
1734661504.210881,9
1734661504.316241,10
1734661504.421015,8
1734661504.525739,10
1734661504.630625,11
1734661504.735279,9
1734661504.840083,9
1734661504.944645,9
1734661505.051118,8
1734661505.156153,9
1734661505.262936,10
1734661505.367073,9
1734661505.471565,9
1734661505.576836,10
1734661505.682471,8
1734661505.788284,9
1734661505.893363,10
1734661505.998475,8
1734661506.103269,8
1734661506.207662,9
1734661506.312511,9
1734661506.417017,8
1734661506.521744,10
1734661506.627522,10
1734661506.731718,9
1734661506.836080,10
1734661506.941203,8
1734661507.046926,11
1734661507.151083,10
1734661507.255049,8
1734661507.359386,9
1734661507.463701,8
1734661507.568276,7
1734661507.672592,7
1734661507.777237,8
1734661507.882505,8
1734661507.987309,7
1734661508.095471,8
1734661508.203035,7
1734661508.308305,7
1734661508.413180,8
1734661508.517184,7
1734661508.622436,7
1734661508.727002,8
1734661508.832588,8
1734661508.937075,8
1734661509.042636,8
1734661509.147083,8
1734661509.252310,9
1734661509.356710,7
1734661509.461541,9
1734661509.565873,10
1734661509.671723,9
1734661509.778450,10
1734661509.883804,9
1734661509.988442,11
1734661510.092582,9
1734661510.197926,10
1734661510.303036,8
1734661510.408434,9
1734661510.513241,8
1734661510.618189,9
1734661510.722656,9
1734661510.828103,9
1734661510.932925,8
